 j, r, rb, dr
           0   0.0000000000000000        0.0000000000000000        0.0000000000000000     
           1   0.0000000000000000        1.0526315789473684E-003   2.1052631578947368E-003
           2   2.1052631578947368E-003   3.1578947368421052E-003   2.1052631578947368E-003
           3   4.2105263157894736E-003   5.2631578947368420E-003   2.1052631578947368E-003
           4   6.3157894736842104E-003   7.3684210526315788E-003   2.1052631578947368E-003
           5   8.4210526315789472E-003   9.4736842105263147E-003   2.1052631578947359E-003
           6   1.0526315789473682E-002   1.1578947368421052E-002   2.1052631578947368E-003
           7   1.2631578947368421E-002   1.3684210526315788E-002   2.1052631578947368E-003
           8   1.4736842105263158E-002   1.5789473684210527E-002   2.1052631578947385E-003
           9   1.6842105263157894E-002   1.7894736842105262E-002   2.1052631578947351E-003
          10   1.8947368421052629E-002   1.9999999999999997E-002   2.1052631578947351E-003
          11   2.2886748529080320E-002   2.5773497058160639E-002   5.7734970581606419E-003
          12   2.8717378197541735E-002   3.1661259336922834E-002   5.8877622787621951E-003
          13   3.4663403817295969E-002   3.7665548297669105E-002   6.0042889607462707E-003
          14   4.0727109228396702E-002   4.3788670159124299E-002   6.1231218614551941E-003
          15   4.6910823471143573E-002   5.0032976783162847E-002   6.2443066240385481E-003
          16   5.3216921680655463E-002   5.6400866578148079E-002   6.3678897949852320E-003
          17   5.9647825999148751E-002   6.2894785420149424E-002   6.4939188420013449E-003
          18   6.6206006506270482E-002   6.9517227592391553E-002   6.6224421722421295E-003
          19   7.2893982167844068E-002   7.6270736743296583E-002   6.7535091509050293E-003
          20   7.9714321803391941E-002   8.3157906863487313E-002   6.8871701201907304E-003
          21   8.6669645072807111E-002   9.0181383282126895E-002   7.0234764186395821E-003
          22   9.3762623482552016E-002   9.7343863682977150E-002   7.1624804008502546E-003
          23  0.10099598141177135       0.10464809914056554        7.3042354575883900E-003
          24  0.10837249715871293       0.11209689517686032        7.4487960362947803E-003
          25  0.11589500400785890       0.11969311283885750        7.5962176619971816E-003
          26  0.12356639131817677       0.12743966979749605        7.7465569586385452E-003
          27  0.13138960563290866       0.13533954146832128        7.8998716708252315E-003
          28  0.13936765181132404       0.14339576215432681        8.0562206860055330E-003
          29  0.14750359418287196       0.15161142621141707        8.2156640570902606E-003
          30  0.15580055772417550       0.15998968923693391        8.3782630255168355E-003
          31  0.16417882074969234       0.16836795226245077        8.3782630255168633E-003
          32  0.17290415201691289       0.17744035177137499        9.0723995089242171E-003
          33  0.18235237426331929       0.18726439675526360        9.8240449838886135E-003
          34  0.19258337878149223       0.19790236080772089        1.0637964052457288E-002
          35  0.20366201883895779       0.20942167687019472        1.1519316062473833E-002
          36  0.21565852077626696       0.22189536468233922        1.2473687812144502E-002
          37  0.22864892916442306       0.23540249364650689        1.3507128964167670E-002
          38  0.24271558884346336       0.25002868404041984        1.4626190393912941E-002
          39  0.25794766689778736       0.26586664975515484        1.5837965714735003E-002
          40  0.27444171787697813       0.28301678599880137        1.7150136243646530E-002
          41  0.29230229584499312       0.30158780569118493        1.8571019692383561E-002
          42  0.31164261713743985       0.32169742858369477        2.0109622892509837E-002
          43  0.33258527802808496       0.34347312747247516        2.1775698888780393E-002
          44  0.35526303185381114       0.36705293623514712        2.3579808762671961E-002
          45  0.37981963052413403       0.39258632481312089        2.5533388577973770E-002
          46  0.40641073574952080       0.42023514668592066        2.7648821872799767E-002
          47  0.43520490576469151       0.45017466484346230        2.9939518157541645E-002
          48  0.46638466380163845       0.48259466275981466        3.2419997916352361E-002
          49  0.50014765508530301       0.51770064741079125        3.5105984650976585E-002
          50  0.53670789968598309       0.55571515196117482        3.8014504550383577E-002
          51  0.57629714917017405       0.59687914637917316        4.1163994417998340E-002
          52  0.61916635564950806       0.64145356491984296        4.4574418540669791E-002
          53  0.66558726253994172       0.68972096016004047        4.8267395240197519E-002
          54  0.71585412711484642       0.74198729406965236        5.2266333909611884E-002
          55  0.77028558577108641       0.79858387747252058        5.6596583402868217E-002
          56  0.82922667383181092       0.85986947019110127        6.1285592718580695E-002
          57  0.89305101268927811       0.92623255518745484        6.6363084996353572E-002
          58  0.96216317815178176       0.99809380111610868        7.1861245928653839E-002
          59   1.0370012650073837        1.0759087288986584        7.7814927782549725E-002
          60   1.1180396640609516        1.1601705992232447        8.4261870324586319E-002
          61   1.2057920692478536        1.2514135392724626        9.1242940049217847E-002
          62   1.3008147338860834        1.3502159284997044        9.8802389227241827E-002
          63   1.4037099967078621        1.4572040649160196       0.10698813641631522     
          64   1.5151301000218593        1.5730561351276990       0.11585207021167943     
          65   1.6357813242089678        1.6985065132902364       0.12545037816253735     
          66   1.7664284647597626        1.8343504162292885       0.13584390293905213     
          67   1.9078996802331227        1.9814489442369569       0.14709852800766843     
          68   2.0610917418667150        2.1407345394964730       0.15928559525951602     
          69   2.2269757181160701        2.3132168967356677       0.17248235723919469     
          70   2.4066031301559550        2.4999893635762427       0.18677246684057502     
          71   2.4999893635762427        2.4999893635762427        0.0000000000000000     
 i, z, zb, dz, nrca, nran
           0   0.0000000000000000        3.1172080454888729E-005   0.0000000000000000               30           0
           1  0.52681557976964766        1.0535999874588404        1.0535688153783855               30           0
           2   1.3808358754138030        1.7080717633687656       0.65447177590992522               30           0
           3   1.9113490904927928        2.1146264176168197       0.40655465424805404               30           0
           4   2.2409012952927538        2.3671761729686884       0.25254975535186874               30           0
           5   2.4456175070695809        2.5240588411704734       0.15688266820178498               30           0
           6   2.5727862128280305        2.6215135844855877        9.7454743315114278E-002          30           0
           7   2.6517827885457810        2.6820519926059743        6.0538408120386578E-002          30           0
           8   2.7008550735699259        2.7196581545338780        3.7606161927903781E-002          30           0
           9   2.7313385361201874        2.7430189177064972        2.3360763172619148E-002          30           0
          10   2.7502747134063270        2.7575305091061573        1.4511591399660073E-002          30           0
          11   2.7647863048059875        2.7720421005058173        1.4511591399660073E-002          29           0
          12   2.7791570812309550        2.7862720619560921        1.4229961450274775E-002          28           0
          13   2.7932489605366655        2.8002258591172393        1.3953797161147197E-002          27           0
          14   2.8070673553466854        2.8139088515761319        1.3682992458892596E-002          26           0
          15   2.8206175732404901        2.8273262949048488        1.3417443328716860E-002          25           0
          16   2.8339048187920826        2.8404833426793168        1.3157047774468023E-002          24           0
          17   2.8469341955690450        2.8533850484587733        1.2901705779456485E-002          23           0
          18   2.8597107080927935        2.8660363677268137        1.2651319268040417E-002          22           0
          19   2.8722392637607923        2.8784421597947705        1.2405792067956778E-002          21           0
          20   2.8845246747314603        2.8906071896681502        1.2165029873379751E-002          20           0
          21   2.8965716597725004        2.9025361298768506        1.1928940208700389E-002          19           0
          22   2.9083848460733535        2.9142335622698559        1.1697432393005247E-002          18           0
          23   2.9199687710224795        2.9257039797751032        1.1470417505247354E-002          17           0
          24   2.9313278839501491        2.9369517881251954        1.1247808350092203E-002          16           0
          25   2.9424665478374088        2.9479813075496217        1.1029519424426315E-002          15           0
          26   2.9533890409918797        2.9587967744341372        1.0815466884515512E-002          14           0
          27   2.9640995586910375        2.9694023429479381        1.0605568513800900E-002          13           0
          28   2.9746022147935980        2.9798020866392583        1.0399743691320129E-002          12           0
          29   2.9849010433196295        2.9900000000000002        1.0197913360741939E-002          11           0
          30   2.9950000000000001        3.0000000000000000        9.9999999999997868E-003          10           0
          31   3.0049999999999999        3.0099999999999998        9.9999999999997868E-003           0           0
          32   3.0164047839906352        3.0228095679812705        1.2809567981270753E-002           0           0
          33   3.0310138195746101        3.0392180711679497        1.6408503186679191E-002           0           0
          34   3.0497273630199828        3.0602366548720159        2.1018583704066174E-002           0           0
          35   3.0736986037133791        3.0871605525547419        2.6923897682725961E-002           0           0
          36   3.1044047274391247        3.1216489023235074        3.4488349768765580E-002           0           0
          37   3.1437379453697494        3.1658269884159913        4.4178086092483859E-002           0           0
          38   3.1941220982701957        3.2224172081244005        5.6590219708409162E-002           0           0
          39   3.2586620214458959        3.2949068347673913        7.2489626642990856E-002           0           0
          40   3.3413348747884069        3.3877629148094224        9.2856080042031053E-002           0           0
          41   3.4472352282980574        3.5067075417866924       0.11894462697727004                0           0
          42   3.5828890060503027        3.6590704703139130       0.15236292852722055                0           0
          43   3.7566556348536579        3.8542407993934034       0.19517032907949039                0           0
          44   3.9792431793069376        4.1042455592204714       0.25000475982706805                0           0
          45   4.2643682075527742        4.4244908558850762       0.32024529666460477                0           0
          46   4.6296010508004466        4.8347112457158170       0.41022038983074083                0           0
          47   5.0974485442578263        5.3601858427998357       0.52547459708401867                0           0
          48   5.6967409714887607        6.0332961001776857       0.67311025737785002                0           0
          49   6.4644086802162910        6.8955212602548954       0.86222516007720973                0           0
          50   7.4477578504134403        7.9999944405719861        1.1044731803170906                0           0
          51   8.5522365901585466        9.1044787397451081        1.1044842991731221                0           0
          52   9.5355913197837125        9.9667038998223170       0.86222516007720884                0           0
          53   10.303259028511242        10.639814157200167       0.67311025737785002                0           0
          54   10.902551455742177        11.165288754284186       0.52547459708401867                0           0
          55   11.370398949199556        11.575509144114926       0.41022038983074083                0           0
          56   11.735631792447229        11.895754440779530       0.32024529666460388                0           0
          57   12.020756820693064        12.145759200606598       0.25000475982706760                0           0
          58   12.243344365146342        12.340929529686088       0.19517032907948995                0           0
          59   12.417110993949699        12.493292458213309       0.15236292852722144                0           0
          60   12.552764771701945        12.612237085190579       0.11894462697726915                0           0
          61   12.658665125211595        12.705093165232610        9.2856080042031053E-002           0           0
          62   12.741337978554105        12.777582791875600        7.2489626642990856E-002           0           0
          63   12.805877901729804        12.834173011584010        5.6590219708409606E-002           0           0
          64   12.856262054630252        12.878351097676493        4.4178086092482971E-002           0           0
          65   12.895595272560875        12.912839447445258        3.4488349768764692E-002           0           0
          66   12.926301396286622        12.939763345127984        2.6923897682726405E-002           0           0
          67   12.950272636980017        12.960781928832050        2.1018583704066174E-002           0           0
          68   12.968986180425389        12.977190432018730        1.6408503186680079E-002           0           0
          69   12.983595216009366        12.990000000000000        1.2809567981269865E-002           0           0
          70   12.995000000000001        13.000000000000000        9.9999999999997868E-003           0           0
          71   13.004999999999999        13.010000000000000        9.9999999999997868E-003           0          58
          72   13.015505532195974        13.021011064391946        1.1011064391945879E-002           0          58
          73   13.027073241344123        13.033135418296302        1.2124353904356511E-002           0          58
          74   13.039810520373884        13.046485622451463        1.3350204155161194E-002           0          58
          75   13.053835620331368        13.061185618211272        1.4699995759809070E-002           0          58
          76   13.069278748204901        13.077371878198532        1.6186259987259533E-002           0          58
          77   13.086283275747757        13.095194673296980        1.7822795098448196E-002           0          58
          78   13.105007070520653        13.114819467744327        1.9624794447347327E-002           0          58
          79   13.125623961511248        13.136428455278169        2.1608987533841884E-002           0          58
          80   13.148325352937164        13.160222250596158        2.3793795317988753E-002           0          58
          81   13.173322001214917        13.186421751833674        2.6199501237515577E-002           0          58
          82   13.200845971591830        13.215270191349987        2.8848439516313107E-002           0          58
          83   13.231152792606050        13.247035393862115        3.1765202512127999E-002           0          58
          84   13.264523828376326        13.282012262890538        3.4976869028422897E-002           0          58
          85   13.301268890745568        13.320525518600597        3.8513255710059369E-002           0          58
          86   13.341729115528944        13.362932712457290        4.2407193856693226E-002           0          58
          87   13.386280129569180        13.409627546681067        4.6694834223776738E-002           0          58
          88   13.435335538001528        13.461043529321991        5.1415982640923730E-002           0          58
          89   13.489350764103708        13.517657998885426        5.6614469563434966E-002           0          58
          90   13.548827277379367        13.579996555873308        6.2338556987882043E-002           0          58
          91   13.614317249128035        13.648637942382763        6.8641386509455060E-002           0          58
          92   13.686428678723164        13.724219415063565        7.5581472680802619E-002           0          58
          93   13.765831038189884        13.807442661316204        8.3223246252638106E-002           0          58
          94   13.853261487485931        13.899080313655658        9.1637652339453979E-002           0          58
          95   13.949531718187480        13.999983122719302       0.10090280906364413                0          58
          96   13.999983122719302        13.999983122719302        0.0000000000000000                0          58
