  i =   0   z =  0.00000E+00
 0.24E+08 0.24E+08 0.24E+08 0.24E+08 0.24E+08 0.24E+08 0.24E+08 0.24E+08 0.24E+08 0.24E+08
 0.24E+08 0.24E+08 0.24E+08 0.24E+08 0.24E+08 0.24E+08 0.24E+08 0.24E+08 0.24E+08 0.24E+08
 0.24E+08 0.24E+08 0.24E+08 0.24E+08 0.24E+08 0.24E+08 0.24E+08 0.24E+08 0.24E+08 0.24E+08
 0.24E+08 0.24E+08 0.24E+08 0.24E+08 0.24E+08 0.24E+08 0.24E+08 0.24E+08 0.24E+08 0.24E+08
 0.24E+08 0.24E+08 0.24E+08 0.24E+08 0.24E+08 0.24E+08 0.24E+08 0.24E+08 0.24E+08 0.24E+08
 0.24E+08 0.24E+08 0.24E+08 0.24E+08 0.24E+08 0.24E+08 0.24E+08 0.24E+08 0.24E+08 0.24E+08
 0.24E+08 0.24E+08 0.24E+08 0.24E+08 0.24E+08 0.24E+08 0.24E+08 0.24E+08 0.24E+08 0.24E+08
 0.24E+08 0.24E+08
  i =   1   z =  0.52682E+00
 0.23E+08 0.23E+08 0.23E+08 0.23E+08 0.23E+08 0.23E+08 0.23E+08 0.23E+08 0.23E+08 0.23E+08
 0.23E+08 0.23E+08 0.23E+08 0.23E+08 0.23E+08 0.23E+08 0.23E+08 0.23E+08 0.23E+08 0.23E+08
 0.23E+08 0.23E+08 0.23E+08 0.23E+08 0.23E+08 0.23E+08 0.23E+08 0.23E+08 0.23E+08 0.23E+08
 0.23E+08 0.23E+08 0.23E+08 0.23E+08 0.23E+08 0.23E+08 0.23E+08 0.23E+08 0.23E+08 0.23E+08
 0.23E+08 0.23E+08 0.23E+08 0.23E+08 0.23E+08 0.23E+08 0.23E+08 0.23E+08 0.23E+08 0.23E+08
 0.23E+08 0.23E+08 0.23E+08 0.23E+08 0.23E+08 0.23E+08 0.23E+08 0.23E+08 0.23E+08 0.23E+08
 0.23E+08 0.23E+08 0.23E+08 0.23E+08 0.23E+08 0.23E+08 0.23E+08 0.23E+08 0.23E+08 0.23E+08
 0.23E+08 0.23E+08
  i =   2   z =  0.13808E+01
 0.23E+08 0.23E+08 0.23E+08 0.23E+08 0.23E+08 0.23E+08 0.23E+08 0.23E+08 0.23E+08 0.23E+08
 0.23E+08 0.23E+08 0.23E+08 0.23E+08 0.23E+08 0.23E+08 0.23E+08 0.23E+08 0.23E+08 0.23E+08
 0.23E+08 0.23E+08 0.23E+08 0.23E+08 0.23E+08 0.23E+08 0.23E+08 0.23E+08 0.23E+08 0.23E+08
 0.23E+08 0.23E+08 0.23E+08 0.23E+08 0.23E+08 0.23E+08 0.23E+08 0.23E+08 0.23E+08 0.23E+08
 0.23E+08 0.23E+08 0.23E+08 0.23E+08 0.23E+08 0.23E+08 0.23E+08 0.23E+08 0.23E+08 0.23E+08
 0.23E+08 0.23E+08 0.23E+08 0.23E+08 0.23E+08 0.23E+08 0.23E+08 0.23E+08 0.23E+08 0.23E+08
 0.23E+08 0.23E+08 0.23E+08 0.23E+08 0.23E+08 0.23E+08 0.23E+08 0.23E+08 0.23E+08 0.23E+08
 0.23E+08 0.23E+08
  i =   3   z =  0.19113E+01
 0.23E+08 0.23E+08 0.23E+08 0.23E+08 0.23E+08 0.23E+08 0.23E+08 0.23E+08 0.23E+08 0.23E+08
 0.23E+08 0.23E+08 0.23E+08 0.23E+08 0.23E+08 0.23E+08 0.23E+08 0.23E+08 0.23E+08 0.23E+08
 0.23E+08 0.23E+08 0.23E+08 0.23E+08 0.23E+08 0.23E+08 0.23E+08 0.23E+08 0.23E+08 0.23E+08
 0.23E+08 0.23E+08 0.23E+08 0.23E+08 0.23E+08 0.23E+08 0.23E+08 0.23E+08 0.23E+08 0.23E+08
 0.23E+08 0.23E+08 0.23E+08 0.23E+08 0.23E+08 0.23E+08 0.23E+08 0.23E+08 0.23E+08 0.23E+08
 0.23E+08 0.23E+08 0.23E+08 0.23E+08 0.23E+08 0.23E+08 0.23E+08 0.23E+08 0.23E+08 0.23E+08
 0.23E+08 0.23E+08 0.23E+08 0.23E+08 0.23E+08 0.23E+08 0.23E+08 0.23E+08 0.23E+08 0.23E+08
 0.23E+08 0.23E+08
  i =   4   z =  0.22409E+01
 0.23E+08 0.23E+08 0.23E+08 0.23E+08 0.23E+08 0.23E+08 0.23E+08 0.23E+08 0.23E+08 0.23E+08
 0.23E+08 0.23E+08 0.23E+08 0.23E+08 0.23E+08 0.23E+08 0.23E+08 0.23E+08 0.23E+08 0.23E+08
 0.23E+08 0.23E+08 0.23E+08 0.23E+08 0.23E+08 0.23E+08 0.23E+08 0.23E+08 0.23E+08 0.23E+08
 0.23E+08 0.23E+08 0.23E+08 0.23E+08 0.23E+08 0.23E+08 0.23E+08 0.23E+08 0.23E+08 0.23E+08
 0.23E+08 0.23E+08 0.23E+08 0.23E+08 0.23E+08 0.23E+08 0.23E+08 0.23E+08 0.23E+08 0.23E+08
 0.23E+08 0.23E+08 0.23E+08 0.23E+08 0.23E+08 0.23E+08 0.23E+08 0.23E+08 0.23E+08 0.23E+08
 0.23E+08 0.23E+08 0.23E+08 0.23E+08 0.23E+08 0.23E+08 0.23E+08 0.23E+08 0.23E+08 0.23E+08
 0.23E+08 0.23E+08
  i =   5   z =  0.24456E+01
 0.23E+08 0.23E+08 0.23E+08 0.23E+08 0.23E+08 0.23E+08 0.23E+08 0.23E+08 0.23E+08 0.23E+08
 0.23E+08 0.23E+08 0.23E+08 0.23E+08 0.23E+08 0.23E+08 0.23E+08 0.23E+08 0.23E+08 0.23E+08
 0.23E+08 0.23E+08 0.23E+08 0.23E+08 0.23E+08 0.23E+08 0.23E+08 0.23E+08 0.23E+08 0.23E+08
 0.23E+08 0.23E+08 0.23E+08 0.23E+08 0.23E+08 0.23E+08 0.23E+08 0.23E+08 0.23E+08 0.23E+08
 0.23E+08 0.23E+08 0.23E+08 0.23E+08 0.23E+08 0.23E+08 0.23E+08 0.23E+08 0.23E+08 0.23E+08
 0.23E+08 0.23E+08 0.23E+08 0.23E+08 0.23E+08 0.23E+08 0.23E+08 0.23E+08 0.23E+08 0.23E+08
 0.23E+08 0.23E+08 0.23E+08 0.23E+08 0.23E+08 0.23E+08 0.23E+08 0.23E+08 0.23E+08 0.23E+08
 0.23E+08 0.23E+08
  i =   6   z =  0.25728E+01
 0.23E+08 0.23E+08 0.23E+08 0.23E+08 0.23E+08 0.23E+08 0.23E+08 0.23E+08 0.23E+08 0.23E+08
 0.23E+08 0.23E+08 0.23E+08 0.23E+08 0.23E+08 0.23E+08 0.23E+08 0.23E+08 0.23E+08 0.23E+08
 0.23E+08 0.23E+08 0.23E+08 0.23E+08 0.23E+08 0.23E+08 0.23E+08 0.23E+08 0.23E+08 0.23E+08
 0.23E+08 0.23E+08 0.23E+08 0.23E+08 0.23E+08 0.23E+08 0.23E+08 0.23E+08 0.23E+08 0.23E+08
 0.23E+08 0.23E+08 0.23E+08 0.23E+08 0.23E+08 0.23E+08 0.23E+08 0.23E+08 0.23E+08 0.23E+08
 0.23E+08 0.23E+08 0.23E+08 0.23E+08 0.23E+08 0.23E+08 0.23E+08 0.23E+08 0.23E+08 0.23E+08
 0.23E+08 0.23E+08 0.23E+08 0.23E+08 0.23E+08 0.23E+08 0.23E+08 0.23E+08 0.23E+08 0.23E+08
 0.23E+08 0.23E+08
  i =   7   z =  0.26518E+01
 0.22E+08 0.22E+08 0.22E+08 0.22E+08 0.22E+08 0.22E+08 0.22E+08 0.22E+08 0.22E+08 0.22E+08
 0.22E+08 0.22E+08 0.22E+08 0.22E+08 0.22E+08 0.22E+08 0.22E+08 0.22E+08 0.22E+08 0.22E+08
 0.22E+08 0.22E+08 0.22E+08 0.22E+08 0.22E+08 0.22E+08 0.22E+08 0.22E+08 0.22E+08 0.22E+08
 0.22E+08 0.22E+08 0.22E+08 0.22E+08 0.22E+08 0.22E+08 0.22E+08 0.22E+08 0.22E+08 0.22E+08
 0.22E+08 0.22E+08 0.22E+08 0.22E+08 0.22E+08 0.22E+08 0.22E+08 0.22E+08 0.22E+08 0.22E+08
 0.22E+08 0.22E+08 0.22E+08 0.22E+08 0.22E+08 0.22E+08 0.22E+08 0.22E+08 0.22E+08 0.22E+08
 0.22E+08 0.22E+08 0.22E+08 0.22E+08 0.22E+08 0.22E+08 0.22E+08 0.22E+08 0.22E+08 0.22E+08
 0.22E+08 0.22E+08
  i =   8   z =  0.27009E+01
 0.22E+08 0.22E+08 0.22E+08 0.22E+08 0.22E+08 0.22E+08 0.22E+08 0.22E+08 0.22E+08 0.22E+08
 0.22E+08 0.22E+08 0.22E+08 0.22E+08 0.22E+08 0.22E+08 0.22E+08 0.22E+08 0.22E+08 0.22E+08
 0.22E+08 0.22E+08 0.22E+08 0.22E+08 0.22E+08 0.22E+08 0.22E+08 0.22E+08 0.22E+08 0.22E+08
 0.22E+08 0.22E+08 0.22E+08 0.22E+08 0.22E+08 0.22E+08 0.22E+08 0.22E+08 0.22E+08 0.22E+08
 0.22E+08 0.22E+08 0.22E+08 0.22E+08 0.22E+08 0.22E+08 0.22E+08 0.22E+08 0.22E+08 0.22E+08
 0.22E+08 0.22E+08 0.22E+08 0.22E+08 0.22E+08 0.22E+08 0.22E+08 0.22E+08 0.22E+08 0.22E+08
 0.22E+08 0.22E+08 0.22E+08 0.22E+08 0.22E+08 0.22E+08 0.22E+08 0.22E+08 0.22E+08 0.22E+08
 0.22E+08 0.22E+08
  i =   9   z =  0.27313E+01
 0.22E+08 0.22E+08 0.22E+08 0.22E+08 0.22E+08 0.22E+08 0.22E+08 0.22E+08 0.22E+08 0.22E+08
 0.22E+08 0.22E+08 0.22E+08 0.22E+08 0.22E+08 0.22E+08 0.22E+08 0.22E+08 0.22E+08 0.22E+08
 0.22E+08 0.22E+08 0.22E+08 0.22E+08 0.22E+08 0.22E+08 0.22E+08 0.22E+08 0.22E+08 0.22E+08
 0.22E+08 0.22E+08 0.22E+08 0.22E+08 0.22E+08 0.22E+08 0.22E+08 0.22E+08 0.22E+08 0.22E+08
 0.22E+08 0.22E+08 0.22E+08 0.22E+08 0.22E+08 0.22E+08 0.22E+08 0.22E+08 0.22E+08 0.22E+08
 0.22E+08 0.22E+08 0.22E+08 0.22E+08 0.22E+08 0.22E+08 0.22E+08 0.22E+08 0.22E+08 0.22E+08
 0.22E+08 0.22E+08 0.22E+08 0.22E+08 0.22E+08 0.22E+08 0.22E+08 0.22E+08 0.22E+08 0.22E+08
 0.22E+08 0.22E+08
  i =  10   z =  0.27503E+01
 0.22E+08 0.22E+08 0.22E+08 0.22E+08 0.22E+08 0.22E+08 0.22E+08 0.22E+08 0.22E+08 0.22E+08
 0.22E+08 0.22E+08 0.22E+08 0.22E+08 0.22E+08 0.22E+08 0.22E+08 0.22E+08 0.22E+08 0.22E+08
 0.22E+08 0.22E+08 0.22E+08 0.22E+08 0.22E+08 0.22E+08 0.22E+08 0.22E+08 0.22E+08 0.22E+08
 0.22E+08 0.22E+08 0.22E+08 0.22E+08 0.22E+08 0.22E+08 0.22E+08 0.22E+08 0.22E+08 0.22E+08
 0.22E+08 0.22E+08 0.22E+08 0.22E+08 0.22E+08 0.22E+08 0.22E+08 0.22E+08 0.22E+08 0.22E+08
 0.22E+08 0.22E+08 0.22E+08 0.22E+08 0.22E+08 0.22E+08 0.22E+08 0.22E+08 0.22E+08 0.22E+08
 0.22E+08 0.22E+08 0.22E+08 0.22E+08 0.22E+08 0.22E+08 0.22E+08 0.22E+08 0.22E+08 0.22E+08
 0.22E+08 0.22E+08
  i =  11   z =  0.27648E+01
 0.22E+08 0.22E+08 0.22E+08 0.22E+08 0.22E+08 0.22E+08 0.22E+08 0.22E+08 0.22E+08 0.22E+08
 0.22E+08 0.22E+08 0.22E+08 0.22E+08 0.22E+08 0.22E+08 0.22E+08 0.22E+08 0.22E+08 0.22E+08
 0.22E+08 0.22E+08 0.22E+08 0.22E+08 0.22E+08 0.22E+08 0.22E+08 0.22E+08 0.22E+08 0.22E+08
 0.22E+08 0.22E+08 0.22E+08 0.22E+08 0.22E+08 0.22E+08 0.22E+08 0.22E+08 0.22E+08 0.22E+08
 0.22E+08 0.22E+08 0.22E+08 0.22E+08 0.22E+08 0.22E+08 0.22E+08 0.22E+08 0.22E+08 0.22E+08
 0.22E+08 0.22E+08 0.22E+08 0.22E+08 0.22E+08 0.22E+08 0.22E+08 0.22E+08 0.22E+08 0.22E+08
 0.22E+08 0.22E+08 0.22E+08 0.22E+08 0.22E+08 0.22E+08 0.22E+08 0.22E+08 0.22E+08 0.22E+08
 0.22E+08 0.22E+08
  i =  12   z =  0.27792E+01
 0.22E+08 0.22E+08 0.22E+08 0.22E+08 0.22E+08 0.22E+08 0.22E+08 0.22E+08 0.22E+08 0.22E+08
 0.22E+08 0.22E+08 0.22E+08 0.22E+08 0.22E+08 0.22E+08 0.22E+08 0.22E+08 0.22E+08 0.22E+08
 0.22E+08 0.22E+08 0.22E+08 0.22E+08 0.22E+08 0.22E+08 0.22E+08 0.22E+08 0.22E+08 0.22E+08
 0.22E+08 0.22E+08 0.22E+08 0.22E+08 0.22E+08 0.22E+08 0.22E+08 0.22E+08 0.22E+08 0.22E+08
 0.22E+08 0.22E+08 0.22E+08 0.22E+08 0.22E+08 0.22E+08 0.22E+08 0.22E+08 0.22E+08 0.22E+08
 0.22E+08 0.22E+08 0.22E+08 0.22E+08 0.22E+08 0.22E+08 0.22E+08 0.22E+08 0.22E+08 0.22E+08
 0.22E+08 0.22E+08 0.22E+08 0.22E+08 0.22E+08 0.22E+08 0.22E+08 0.22E+08 0.22E+08 0.22E+08
 0.22E+08 0.22E+08
  i =  13   z =  0.27932E+01
 0.22E+08 0.22E+08 0.22E+08 0.22E+08 0.22E+08 0.22E+08 0.22E+08 0.22E+08 0.22E+08 0.22E+08
 0.22E+08 0.22E+08 0.22E+08 0.22E+08 0.22E+08 0.22E+08 0.22E+08 0.22E+08 0.22E+08 0.22E+08
 0.22E+08 0.22E+08 0.22E+08 0.22E+08 0.22E+08 0.22E+08 0.22E+08 0.22E+08 0.22E+08 0.22E+08
 0.22E+08 0.22E+08 0.22E+08 0.22E+08 0.22E+08 0.22E+08 0.22E+08 0.22E+08 0.22E+08 0.22E+08
 0.22E+08 0.22E+08 0.22E+08 0.22E+08 0.22E+08 0.22E+08 0.22E+08 0.22E+08 0.22E+08 0.22E+08
 0.22E+08 0.22E+08 0.22E+08 0.22E+08 0.22E+08 0.22E+08 0.22E+08 0.22E+08 0.22E+08 0.22E+08
 0.22E+08 0.22E+08 0.22E+08 0.22E+08 0.22E+08 0.22E+08 0.22E+08 0.22E+08 0.22E+08 0.22E+08
 0.22E+08 0.22E+08
  i =  14   z =  0.28071E+01
 0.22E+08 0.22E+08 0.22E+08 0.22E+08 0.22E+08 0.22E+08 0.22E+08 0.22E+08 0.22E+08 0.22E+08
 0.22E+08 0.22E+08 0.22E+08 0.22E+08 0.22E+08 0.22E+08 0.22E+08 0.22E+08 0.22E+08 0.22E+08
 0.22E+08 0.22E+08 0.22E+08 0.22E+08 0.22E+08 0.22E+08 0.22E+08 0.22E+08 0.22E+08 0.22E+08
 0.22E+08 0.22E+08 0.22E+08 0.22E+08 0.22E+08 0.22E+08 0.22E+08 0.22E+08 0.22E+08 0.22E+08
 0.22E+08 0.22E+08 0.22E+08 0.22E+08 0.22E+08 0.22E+08 0.22E+08 0.22E+08 0.22E+08 0.22E+08
 0.22E+08 0.22E+08 0.22E+08 0.22E+08 0.22E+08 0.22E+08 0.22E+08 0.22E+08 0.22E+08 0.22E+08
 0.22E+08 0.22E+08 0.22E+08 0.22E+08 0.22E+08 0.22E+08 0.22E+08 0.22E+08 0.22E+08 0.22E+08
 0.22E+08 0.22E+08
  i =  15   z =  0.28206E+01
 0.22E+08 0.22E+08 0.22E+08 0.22E+08 0.22E+08 0.22E+08 0.22E+08 0.22E+08 0.22E+08 0.22E+08
 0.22E+08 0.22E+08 0.22E+08 0.22E+08 0.22E+08 0.22E+08 0.22E+08 0.22E+08 0.22E+08 0.22E+08
 0.22E+08 0.22E+08 0.22E+08 0.22E+08 0.22E+08 0.22E+08 0.22E+08 0.22E+08 0.22E+08 0.22E+08
 0.22E+08 0.22E+08 0.22E+08 0.22E+08 0.22E+08 0.22E+08 0.22E+08 0.22E+08 0.22E+08 0.22E+08
 0.22E+08 0.22E+08 0.22E+08 0.22E+08 0.22E+08 0.22E+08 0.22E+08 0.22E+08 0.22E+08 0.22E+08
 0.22E+08 0.22E+08 0.22E+08 0.22E+08 0.22E+08 0.22E+08 0.22E+08 0.22E+08 0.22E+08 0.22E+08
 0.22E+08 0.22E+08 0.22E+08 0.22E+08 0.22E+08 0.22E+08 0.22E+08 0.22E+08 0.22E+08 0.22E+08
 0.22E+08 0.22E+08
  i =  16   z =  0.28339E+01
 0.22E+08 0.22E+08 0.22E+08 0.22E+08 0.22E+08 0.22E+08 0.22E+08 0.22E+08 0.22E+08 0.22E+08
 0.22E+08 0.22E+08 0.22E+08 0.22E+08 0.22E+08 0.22E+08 0.22E+08 0.22E+08 0.22E+08 0.22E+08
 0.22E+08 0.22E+08 0.22E+08 0.22E+08 0.22E+08 0.22E+08 0.22E+08 0.22E+08 0.22E+08 0.22E+08
 0.22E+08 0.22E+08 0.22E+08 0.22E+08 0.22E+08 0.22E+08 0.22E+08 0.22E+08 0.22E+08 0.22E+08
 0.22E+08 0.22E+08 0.22E+08 0.22E+08 0.22E+08 0.22E+08 0.22E+08 0.22E+08 0.22E+08 0.22E+08
 0.22E+08 0.22E+08 0.22E+08 0.22E+08 0.22E+08 0.22E+08 0.22E+08 0.22E+08 0.22E+08 0.22E+08
 0.22E+08 0.22E+08 0.22E+08 0.22E+08 0.22E+08 0.22E+08 0.22E+08 0.22E+08 0.22E+08 0.22E+08
 0.22E+08 0.22E+08
  i =  17   z =  0.28469E+01
 0.22E+08 0.22E+08 0.22E+08 0.22E+08 0.22E+08 0.22E+08 0.22E+08 0.22E+08 0.22E+08 0.22E+08
 0.22E+08 0.22E+08 0.22E+08 0.22E+08 0.22E+08 0.22E+08 0.22E+08 0.22E+08 0.22E+08 0.22E+08
 0.22E+08 0.22E+08 0.22E+08 0.22E+08 0.22E+08 0.22E+08 0.22E+08 0.22E+08 0.22E+08 0.22E+08
 0.22E+08 0.22E+08 0.22E+08 0.22E+08 0.22E+08 0.22E+08 0.22E+08 0.22E+08 0.22E+08 0.22E+08
 0.22E+08 0.22E+08 0.22E+08 0.22E+08 0.22E+08 0.22E+08 0.22E+08 0.22E+08 0.22E+08 0.22E+08
 0.22E+08 0.22E+08 0.22E+08 0.22E+08 0.22E+08 0.22E+08 0.22E+08 0.22E+08 0.22E+08 0.22E+08
 0.22E+08 0.22E+08 0.22E+08 0.22E+08 0.22E+08 0.22E+08 0.22E+08 0.22E+08 0.22E+08 0.22E+08
 0.22E+08 0.22E+08
  i =  18   z =  0.28597E+01
 0.22E+08 0.22E+08 0.22E+08 0.22E+08 0.22E+08 0.22E+08 0.22E+08 0.22E+08 0.22E+08 0.22E+08
 0.22E+08 0.22E+08 0.22E+08 0.22E+08 0.22E+08 0.22E+08 0.22E+08 0.22E+08 0.22E+08 0.22E+08
 0.22E+08 0.22E+08 0.22E+08 0.22E+08 0.22E+08 0.22E+08 0.22E+08 0.22E+08 0.22E+08 0.22E+08
 0.22E+08 0.22E+08 0.22E+08 0.22E+08 0.22E+08 0.22E+08 0.22E+08 0.22E+08 0.22E+08 0.22E+08
 0.22E+08 0.22E+08 0.22E+08 0.22E+08 0.22E+08 0.22E+08 0.22E+08 0.22E+08 0.22E+08 0.22E+08
 0.22E+08 0.22E+08 0.22E+08 0.22E+08 0.22E+08 0.22E+08 0.22E+08 0.22E+08 0.22E+08 0.22E+08
 0.22E+08 0.22E+08 0.22E+08 0.22E+08 0.22E+08 0.22E+08 0.22E+08 0.22E+08 0.22E+08 0.22E+08
 0.22E+08 0.22E+08
  i =  19   z =  0.28722E+01
 0.22E+08 0.22E+08 0.22E+08 0.22E+08 0.22E+08 0.22E+08 0.22E+08 0.22E+08 0.22E+08 0.22E+08
 0.22E+08 0.22E+08 0.22E+08 0.22E+08 0.22E+08 0.22E+08 0.22E+08 0.22E+08 0.22E+08 0.22E+08
 0.22E+08 0.22E+08 0.22E+08 0.22E+08 0.22E+08 0.22E+08 0.22E+08 0.22E+08 0.22E+08 0.22E+08
 0.22E+08 0.22E+08 0.22E+08 0.22E+08 0.22E+08 0.22E+08 0.22E+08 0.22E+08 0.22E+08 0.22E+08
 0.22E+08 0.22E+08 0.22E+08 0.22E+08 0.22E+08 0.22E+08 0.22E+08 0.22E+08 0.22E+08 0.22E+08
 0.22E+08 0.22E+08 0.22E+08 0.22E+08 0.22E+08 0.22E+08 0.22E+08 0.22E+08 0.22E+08 0.22E+08
 0.22E+08 0.22E+08 0.22E+08 0.22E+08 0.22E+08 0.22E+08 0.22E+08 0.22E+08 0.22E+08 0.22E+08
 0.22E+08 0.22E+08
  i =  20   z =  0.28845E+01
 0.22E+08 0.22E+08 0.22E+08 0.22E+08 0.22E+08 0.22E+08 0.22E+08 0.22E+08 0.22E+08 0.22E+08
 0.22E+08 0.22E+08 0.22E+08 0.22E+08 0.22E+08 0.22E+08 0.22E+08 0.22E+08 0.22E+08 0.22E+08
 0.22E+08 0.22E+08 0.22E+08 0.22E+08 0.22E+08 0.22E+08 0.22E+08 0.22E+08 0.22E+08 0.22E+08
 0.22E+08 0.22E+08 0.22E+08 0.22E+08 0.22E+08 0.22E+08 0.22E+08 0.22E+08 0.22E+08 0.22E+08
 0.22E+08 0.22E+08 0.22E+08 0.22E+08 0.22E+08 0.22E+08 0.22E+08 0.22E+08 0.22E+08 0.22E+08
 0.22E+08 0.22E+08 0.22E+08 0.22E+08 0.22E+08 0.22E+08 0.22E+08 0.22E+08 0.22E+08 0.22E+08
 0.22E+08 0.22E+08 0.22E+08 0.22E+08 0.22E+08 0.22E+08 0.22E+08 0.22E+08 0.22E+08 0.22E+08
 0.22E+08 0.22E+08
  i =  21   z =  0.28966E+01
 0.21E+08 0.21E+08 0.21E+08 0.21E+08 0.21E+08 0.21E+08 0.21E+08 0.21E+08 0.21E+08 0.21E+08
 0.21E+08 0.21E+08 0.21E+08 0.21E+08 0.21E+08 0.21E+08 0.21E+08 0.21E+08 0.21E+08 0.21E+08
 0.21E+08 0.21E+08 0.21E+08 0.21E+08 0.21E+08 0.21E+08 0.21E+08 0.21E+08 0.21E+08 0.21E+08
 0.21E+08 0.21E+08 0.21E+08 0.21E+08 0.21E+08 0.21E+08 0.21E+08 0.21E+08 0.21E+08 0.21E+08
 0.21E+08 0.21E+08 0.21E+08 0.21E+08 0.21E+08 0.21E+08 0.21E+08 0.21E+08 0.21E+08 0.21E+08
 0.21E+08 0.21E+08 0.21E+08 0.21E+08 0.21E+08 0.21E+08 0.21E+08 0.21E+08 0.21E+08 0.21E+08
 0.21E+08 0.21E+08 0.21E+08 0.21E+08 0.21E+08 0.21E+08 0.21E+08 0.21E+08 0.21E+08 0.21E+08
 0.21E+08 0.21E+08
  i =  22   z =  0.29084E+01
 0.21E+08 0.21E+08 0.21E+08 0.21E+08 0.21E+08 0.21E+08 0.21E+08 0.21E+08 0.21E+08 0.21E+08
 0.21E+08 0.21E+08 0.21E+08 0.21E+08 0.21E+08 0.21E+08 0.21E+08 0.21E+08 0.21E+08 0.21E+08
 0.21E+08 0.21E+08 0.21E+08 0.21E+08 0.21E+08 0.21E+08 0.21E+08 0.21E+08 0.21E+08 0.21E+08
 0.21E+08 0.21E+08 0.21E+08 0.21E+08 0.21E+08 0.21E+08 0.21E+08 0.21E+08 0.21E+08 0.21E+08
 0.21E+08 0.21E+08 0.21E+08 0.21E+08 0.21E+08 0.21E+08 0.21E+08 0.21E+08 0.21E+08 0.21E+08
 0.21E+08 0.21E+08 0.21E+08 0.21E+08 0.21E+08 0.21E+08 0.21E+08 0.21E+08 0.21E+08 0.21E+08
 0.21E+08 0.21E+08 0.21E+08 0.21E+08 0.21E+08 0.21E+08 0.21E+08 0.21E+08 0.21E+08 0.21E+08
 0.21E+08 0.21E+08
  i =  23   z =  0.29200E+01
 0.21E+08 0.21E+08 0.21E+08 0.21E+08 0.21E+08 0.21E+08 0.21E+08 0.21E+08 0.21E+08 0.21E+08
 0.21E+08 0.21E+08 0.21E+08 0.21E+08 0.21E+08 0.21E+08 0.21E+08 0.21E+08 0.21E+08 0.21E+08
 0.21E+08 0.21E+08 0.21E+08 0.21E+08 0.21E+08 0.21E+08 0.21E+08 0.21E+08 0.21E+08 0.21E+08
 0.21E+08 0.21E+08 0.21E+08 0.21E+08 0.21E+08 0.21E+08 0.21E+08 0.21E+08 0.21E+08 0.21E+08
 0.21E+08 0.21E+08 0.21E+08 0.21E+08 0.21E+08 0.21E+08 0.21E+08 0.21E+08 0.21E+08 0.21E+08
 0.21E+08 0.21E+08 0.21E+08 0.21E+08 0.21E+08 0.21E+08 0.21E+08 0.21E+08 0.21E+08 0.21E+08
 0.21E+08 0.21E+08 0.21E+08 0.21E+08 0.21E+08 0.21E+08 0.21E+08 0.21E+08 0.21E+08 0.21E+08
 0.21E+08 0.21E+08
  i =  24   z =  0.29313E+01
 0.21E+08 0.21E+08 0.21E+08 0.21E+08 0.21E+08 0.21E+08 0.21E+08 0.21E+08 0.21E+08 0.21E+08
 0.21E+08 0.21E+08 0.21E+08 0.21E+08 0.21E+08 0.21E+08 0.21E+08 0.21E+08 0.21E+08 0.21E+08
 0.21E+08 0.21E+08 0.21E+08 0.21E+08 0.21E+08 0.21E+08 0.21E+08 0.21E+08 0.21E+08 0.21E+08
 0.21E+08 0.21E+08 0.21E+08 0.21E+08 0.21E+08 0.21E+08 0.21E+08 0.21E+08 0.21E+08 0.21E+08
 0.21E+08 0.21E+08 0.21E+08 0.21E+08 0.21E+08 0.21E+08 0.21E+08 0.21E+08 0.21E+08 0.21E+08
 0.21E+08 0.21E+08 0.21E+08 0.21E+08 0.21E+08 0.21E+08 0.21E+08 0.21E+08 0.21E+08 0.21E+08
 0.21E+08 0.21E+08 0.21E+08 0.21E+08 0.21E+08 0.21E+08 0.21E+08 0.21E+08 0.21E+08 0.21E+08
 0.21E+08 0.21E+08
  i =  25   z =  0.29425E+01
 0.21E+08 0.21E+08 0.21E+08 0.21E+08 0.21E+08 0.21E+08 0.21E+08 0.21E+08 0.21E+08 0.21E+08
 0.21E+08 0.21E+08 0.21E+08 0.21E+08 0.21E+08 0.21E+08 0.21E+08 0.21E+08 0.21E+08 0.21E+08
 0.21E+08 0.21E+08 0.21E+08 0.21E+08 0.21E+08 0.21E+08 0.21E+08 0.21E+08 0.21E+08 0.21E+08
 0.21E+08 0.21E+08 0.21E+08 0.21E+08 0.21E+08 0.21E+08 0.21E+08 0.21E+08 0.21E+08 0.21E+08
 0.21E+08 0.21E+08 0.21E+08 0.21E+08 0.21E+08 0.21E+08 0.21E+08 0.21E+08 0.21E+08 0.21E+08
 0.21E+08 0.21E+08 0.21E+08 0.21E+08 0.21E+08 0.21E+08 0.21E+08 0.21E+08 0.21E+08 0.21E+08
 0.21E+08 0.21E+08 0.21E+08 0.21E+08 0.21E+08 0.21E+08 0.21E+08 0.21E+08 0.21E+08 0.21E+08
 0.21E+08 0.21E+08
  i =  26   z =  0.29534E+01
 0.21E+08 0.21E+08 0.21E+08 0.21E+08 0.21E+08 0.21E+08 0.21E+08 0.21E+08 0.21E+08 0.21E+08
 0.21E+08 0.21E+08 0.21E+08 0.21E+08 0.21E+08 0.21E+08 0.21E+08 0.21E+08 0.21E+08 0.21E+08
 0.21E+08 0.21E+08 0.21E+08 0.21E+08 0.21E+08 0.21E+08 0.21E+08 0.21E+08 0.21E+08 0.21E+08
 0.21E+08 0.21E+08 0.21E+08 0.21E+08 0.21E+08 0.21E+08 0.21E+08 0.21E+08 0.21E+08 0.21E+08
 0.21E+08 0.21E+08 0.21E+08 0.21E+08 0.21E+08 0.21E+08 0.21E+08 0.21E+08 0.21E+08 0.21E+08
 0.21E+08 0.21E+08 0.21E+08 0.21E+08 0.21E+08 0.21E+08 0.21E+08 0.21E+08 0.21E+08 0.21E+08
 0.21E+08 0.21E+08 0.21E+08 0.21E+08 0.21E+08 0.21E+08 0.21E+08 0.21E+08 0.21E+08 0.21E+08
 0.21E+08 0.21E+08
  i =  27   z =  0.29641E+01
 0.20E+08 0.20E+08 0.20E+08 0.20E+08 0.20E+08 0.20E+08 0.20E+08 0.20E+08 0.20E+08 0.20E+08
 0.20E+08 0.20E+08 0.20E+08 0.20E+08 0.20E+08 0.20E+08 0.20E+08 0.20E+08 0.20E+08 0.20E+08
 0.20E+08 0.20E+08 0.20E+08 0.20E+08 0.20E+08 0.20E+08 0.20E+08 0.20E+08 0.20E+08 0.20E+08
 0.20E+08 0.20E+08 0.20E+08 0.20E+08 0.20E+08 0.20E+08 0.20E+08 0.20E+08 0.20E+08 0.20E+08
 0.20E+08 0.20E+08 0.20E+08 0.20E+08 0.20E+08 0.20E+08 0.20E+08 0.20E+08 0.20E+08 0.20E+08
 0.20E+08 0.20E+08 0.20E+08 0.20E+08 0.20E+08 0.20E+08 0.20E+08 0.20E+08 0.20E+08 0.20E+08
 0.20E+08 0.20E+08 0.20E+08 0.20E+08 0.20E+08 0.20E+08 0.20E+08 0.20E+08 0.20E+08 0.20E+08
 0.20E+08 0.20E+08
  i =  28   z =  0.29746E+01
 0.20E+08 0.20E+08 0.20E+08 0.20E+08 0.20E+08 0.20E+08 0.20E+08 0.20E+08 0.20E+08 0.20E+08
 0.20E+08 0.20E+08 0.20E+08 0.20E+08 0.20E+08 0.20E+08 0.20E+08 0.20E+08 0.20E+08 0.20E+08
 0.20E+08 0.20E+08 0.20E+08 0.20E+08 0.20E+08 0.20E+08 0.20E+08 0.20E+08 0.20E+08 0.20E+08
 0.20E+08 0.20E+08 0.20E+08 0.20E+08 0.20E+08 0.20E+08 0.20E+08 0.20E+08 0.20E+08 0.20E+08
 0.20E+08 0.20E+08 0.20E+08 0.20E+08 0.20E+08 0.20E+08 0.20E+08 0.20E+08 0.20E+08 0.20E+08
 0.20E+08 0.20E+08 0.20E+08 0.20E+08 0.20E+08 0.20E+08 0.20E+08 0.20E+08 0.20E+08 0.20E+08
 0.20E+08 0.20E+08 0.20E+08 0.20E+08 0.20E+08 0.20E+08 0.20E+08 0.20E+08 0.20E+08 0.20E+08
 0.20E+08 0.20E+08
  i =  29   z =  0.29849E+01
 0.19E+08 0.19E+08 0.19E+08 0.19E+08 0.19E+08 0.19E+08 0.19E+08 0.19E+08 0.19E+08 0.19E+08
 0.19E+08 0.19E+08 0.19E+08 0.19E+08 0.19E+08 0.19E+08 0.19E+08 0.19E+08 0.19E+08 0.19E+08
 0.19E+08 0.19E+08 0.19E+08 0.19E+08 0.19E+08 0.19E+08 0.19E+08 0.19E+08 0.19E+08 0.19E+08
 0.19E+08 0.19E+08 0.19E+08 0.19E+08 0.19E+08 0.19E+08 0.19E+08 0.19E+08 0.19E+08 0.19E+08
 0.19E+08 0.19E+08 0.19E+08 0.19E+08 0.19E+08 0.19E+08 0.19E+08 0.19E+08 0.19E+08 0.19E+08
 0.19E+08 0.19E+08 0.19E+08 0.19E+08 0.19E+08 0.19E+08 0.19E+08 0.19E+08 0.19E+08 0.19E+08
 0.19E+08 0.19E+08 0.19E+08 0.19E+08 0.19E+08 0.19E+08 0.19E+08 0.19E+08 0.19E+08 0.19E+08
 0.19E+08 0.19E+08
  i =  30   z =  0.29950E+01
 0.19E+08 0.19E+08 0.19E+08 0.19E+08 0.19E+08 0.19E+08 0.19E+08 0.19E+08 0.19E+08 0.19E+08
 0.19E+08 0.19E+08 0.19E+08 0.19E+08 0.19E+08 0.19E+08 0.19E+08 0.19E+08 0.19E+08 0.19E+08
 0.19E+08 0.19E+08 0.19E+08 0.19E+08 0.19E+08 0.19E+08 0.19E+08 0.19E+08 0.19E+08 0.19E+08
 0.19E+08 0.19E+08 0.19E+08 0.19E+08 0.19E+08 0.19E+08 0.19E+08 0.19E+08 0.19E+08 0.19E+08
 0.19E+08 0.19E+08 0.19E+08 0.19E+08 0.19E+08 0.19E+08 0.19E+08 0.19E+08 0.19E+08 0.19E+08
 0.19E+08 0.19E+08 0.19E+08 0.19E+08 0.19E+08 0.19E+08 0.19E+08 0.19E+08 0.19E+08 0.19E+08
 0.19E+08 0.19E+08 0.19E+08 0.19E+08 0.19E+08 0.19E+08 0.19E+08 0.19E+08 0.19E+08 0.19E+08
 0.19E+08 0.19E+08
  i =  31   z =  0.30050E+01
 0.19E+08 0.19E+08 0.19E+08 0.19E+08 0.19E+08 0.19E+08 0.19E+08 0.19E+08 0.19E+08 0.19E+08
 0.19E+08 0.19E+08 0.19E+08 0.19E+08 0.19E+08 0.19E+08 0.19E+08 0.19E+08 0.19E+08 0.19E+08
 0.19E+08 0.19E+08 0.19E+08 0.19E+08 0.19E+08 0.19E+08 0.19E+08 0.19E+08 0.19E+08 0.19E+08
 0.19E+08 0.19E+08 0.19E+08 0.19E+08 0.19E+08 0.19E+08 0.19E+08 0.19E+08 0.19E+08 0.19E+08
 0.19E+08 0.19E+08 0.19E+08 0.19E+08 0.19E+08 0.19E+08 0.19E+08 0.19E+08 0.19E+08 0.19E+08
 0.19E+08 0.19E+08 0.19E+08 0.19E+08 0.19E+08 0.19E+08 0.19E+08 0.19E+08 0.19E+08 0.19E+08
 0.19E+08 0.19E+08 0.19E+08 0.19E+08 0.19E+08 0.19E+08 0.19E+08 0.19E+08 0.19E+08 0.19E+08
 0.19E+08 0.19E+08
  i =  32   z =  0.30164E+01
 0.18E+08 0.18E+08 0.18E+08 0.18E+08 0.18E+08 0.18E+08 0.18E+08 0.18E+08 0.18E+08 0.18E+08
 0.18E+08 0.18E+08 0.18E+08 0.18E+08 0.18E+08 0.18E+08 0.18E+08 0.18E+08 0.18E+08 0.18E+08
 0.18E+08 0.18E+08 0.18E+08 0.18E+08 0.18E+08 0.18E+08 0.18E+08 0.18E+08 0.18E+08 0.18E+08
 0.18E+08 0.18E+08 0.18E+08 0.18E+08 0.18E+08 0.18E+08 0.18E+08 0.18E+08 0.18E+08 0.18E+08
 0.18E+08 0.18E+08 0.18E+08 0.18E+08 0.18E+08 0.18E+08 0.18E+08 0.18E+08 0.18E+08 0.18E+08
 0.18E+08 0.18E+08 0.18E+08 0.18E+08 0.18E+08 0.18E+08 0.18E+08 0.18E+08 0.18E+08 0.18E+08
 0.18E+08 0.18E+08 0.18E+08 0.18E+08 0.18E+08 0.18E+08 0.18E+08 0.18E+08 0.18E+08 0.18E+08
 0.18E+08 0.18E+08
  i =  33   z =  0.30310E+01
 0.18E+08 0.18E+08 0.18E+08 0.18E+08 0.18E+08 0.18E+08 0.18E+08 0.18E+08 0.18E+08 0.18E+08
 0.18E+08 0.18E+08 0.18E+08 0.18E+08 0.18E+08 0.18E+08 0.18E+08 0.18E+08 0.18E+08 0.18E+08
 0.18E+08 0.18E+08 0.18E+08 0.18E+08 0.18E+08 0.18E+08 0.18E+08 0.18E+08 0.18E+08 0.18E+08
 0.18E+08 0.18E+08 0.18E+08 0.18E+08 0.18E+08 0.18E+08 0.18E+08 0.18E+08 0.18E+08 0.18E+08
 0.18E+08 0.18E+08 0.18E+08 0.18E+08 0.18E+08 0.18E+08 0.18E+08 0.18E+08 0.18E+08 0.18E+08
 0.18E+08 0.18E+08 0.18E+08 0.18E+08 0.18E+08 0.18E+08 0.18E+08 0.18E+08 0.18E+08 0.18E+08
 0.18E+08 0.18E+08 0.18E+08 0.18E+08 0.18E+08 0.18E+08 0.18E+08 0.18E+08 0.18E+08 0.18E+08
 0.18E+08 0.18E+08
  i =  34   z =  0.30497E+01
 0.18E+08 0.18E+08 0.18E+08 0.18E+08 0.18E+08 0.18E+08 0.18E+08 0.18E+08 0.18E+08 0.18E+08
 0.18E+08 0.18E+08 0.18E+08 0.18E+08 0.18E+08 0.18E+08 0.18E+08 0.18E+08 0.18E+08 0.18E+08
 0.18E+08 0.18E+08 0.18E+08 0.18E+08 0.18E+08 0.18E+08 0.18E+08 0.18E+08 0.18E+08 0.18E+08
 0.18E+08 0.18E+08 0.18E+08 0.18E+08 0.18E+08 0.18E+08 0.18E+08 0.18E+08 0.18E+08 0.18E+08
 0.18E+08 0.18E+08 0.18E+08 0.18E+08 0.18E+08 0.18E+08 0.18E+08 0.18E+08 0.18E+08 0.18E+08
 0.18E+08 0.18E+08 0.18E+08 0.18E+08 0.18E+08 0.18E+08 0.18E+08 0.18E+08 0.18E+08 0.18E+08
 0.18E+08 0.18E+08 0.18E+08 0.18E+08 0.18E+08 0.18E+08 0.18E+08 0.18E+08 0.18E+08 0.18E+08
 0.18E+08 0.18E+08
  i =  35   z =  0.30737E+01
 0.16E+08 0.16E+08 0.16E+08 0.16E+08 0.16E+08 0.16E+08 0.16E+08 0.16E+08 0.16E+08 0.16E+08
 0.16E+08 0.16E+08 0.16E+08 0.16E+08 0.16E+08 0.16E+08 0.16E+08 0.16E+08 0.16E+08 0.16E+08
 0.16E+08 0.16E+08 0.16E+08 0.16E+08 0.16E+08 0.16E+08 0.16E+08 0.16E+08 0.16E+08 0.16E+08
 0.16E+08 0.16E+08 0.16E+08 0.16E+08 0.16E+08 0.16E+08 0.16E+08 0.16E+08 0.16E+08 0.16E+08
 0.16E+08 0.16E+08 0.16E+08 0.16E+08 0.16E+08 0.16E+08 0.16E+08 0.16E+08 0.16E+08 0.16E+08
 0.16E+08 0.16E+08 0.16E+08 0.16E+08 0.16E+08 0.16E+08 0.16E+08 0.16E+08 0.16E+08 0.16E+08
 0.16E+08 0.16E+08 0.16E+08 0.16E+08 0.16E+08 0.16E+08 0.16E+08 0.16E+08 0.16E+08 0.16E+08
 0.16E+08 0.16E+08
  i =  36   z =  0.31044E+01
 0.14E+08 0.14E+08 0.14E+08 0.14E+08 0.14E+08 0.14E+08 0.14E+08 0.14E+08 0.14E+08 0.14E+08
 0.14E+08 0.14E+08 0.14E+08 0.14E+08 0.14E+08 0.14E+08 0.14E+08 0.14E+08 0.14E+08 0.14E+08
 0.14E+08 0.14E+08 0.14E+08 0.14E+08 0.14E+08 0.14E+08 0.14E+08 0.14E+08 0.14E+08 0.14E+08
 0.14E+08 0.14E+08 0.14E+08 0.14E+08 0.14E+08 0.14E+08 0.14E+08 0.14E+08 0.14E+08 0.14E+08
 0.14E+08 0.14E+08 0.14E+08 0.14E+08 0.14E+08 0.14E+08 0.14E+08 0.14E+08 0.14E+08 0.14E+08
 0.14E+08 0.14E+08 0.14E+08 0.14E+08 0.14E+08 0.14E+08 0.14E+08 0.14E+08 0.14E+08 0.14E+08
 0.14E+08 0.14E+08 0.14E+08 0.14E+08 0.14E+08 0.14E+08 0.14E+08 0.14E+08 0.14E+08 0.14E+08
 0.14E+08 0.14E+08
  i =  37   z =  0.31437E+01
 0.13E+08 0.13E+08 0.13E+08 0.13E+08 0.13E+08 0.13E+08 0.13E+08 0.13E+08 0.13E+08 0.13E+08
 0.13E+08 0.13E+08 0.13E+08 0.13E+08 0.13E+08 0.13E+08 0.13E+08 0.13E+08 0.13E+08 0.13E+08
 0.13E+08 0.13E+08 0.13E+08 0.13E+08 0.13E+08 0.13E+08 0.13E+08 0.13E+08 0.13E+08 0.13E+08
 0.13E+08 0.13E+08 0.13E+08 0.13E+08 0.13E+08 0.13E+08 0.13E+08 0.13E+08 0.13E+08 0.13E+08
 0.13E+08 0.13E+08 0.13E+08 0.13E+08 0.13E+08 0.13E+08 0.13E+08 0.13E+08 0.13E+08 0.13E+08
 0.13E+08 0.13E+08 0.13E+08 0.13E+08 0.13E+08 0.13E+08 0.13E+08 0.13E+08 0.13E+08 0.13E+08
 0.13E+08 0.13E+08 0.13E+08 0.13E+08 0.13E+08 0.13E+08 0.13E+08 0.13E+08 0.13E+08 0.13E+08
 0.13E+08 0.13E+08
  i =  38   z =  0.31941E+01
 0.11E+08 0.11E+08 0.11E+08 0.11E+08 0.11E+08 0.11E+08 0.11E+08 0.11E+08 0.11E+08 0.11E+08
 0.11E+08 0.11E+08 0.11E+08 0.11E+08 0.11E+08 0.11E+08 0.11E+08 0.11E+08 0.11E+08 0.11E+08
 0.11E+08 0.11E+08 0.11E+08 0.11E+08 0.11E+08 0.11E+08 0.11E+08 0.11E+08 0.11E+08 0.11E+08
 0.11E+08 0.11E+08 0.11E+08 0.11E+08 0.11E+08 0.11E+08 0.11E+08 0.11E+08 0.11E+08 0.11E+08
 0.11E+08 0.11E+08 0.11E+08 0.11E+08 0.11E+08 0.11E+08 0.11E+08 0.11E+08 0.11E+08 0.11E+08
 0.11E+08 0.11E+08 0.11E+08 0.11E+08 0.11E+08 0.11E+08 0.11E+08 0.11E+08 0.11E+08 0.11E+08
 0.11E+08 0.11E+08 0.11E+08 0.11E+08 0.11E+08 0.11E+08 0.11E+08 0.11E+08 0.11E+08 0.11E+08
 0.11E+08 0.11E+08
  i =  39   z =  0.32587E+01
 0.90E+07 0.90E+07 0.90E+07 0.90E+07 0.90E+07 0.90E+07 0.90E+07 0.90E+07 0.90E+07 0.90E+07
 0.90E+07 0.90E+07 0.90E+07 0.90E+07 0.90E+07 0.90E+07 0.90E+07 0.90E+07 0.90E+07 0.90E+07
 0.90E+07 0.90E+07 0.90E+07 0.90E+07 0.90E+07 0.90E+07 0.90E+07 0.90E+07 0.90E+07 0.90E+07
 0.90E+07 0.90E+07 0.90E+07 0.90E+07 0.90E+07 0.90E+07 0.90E+07 0.90E+07 0.90E+07 0.90E+07
 0.90E+07 0.90E+07 0.90E+07 0.90E+07 0.90E+07 0.90E+07 0.90E+07 0.90E+07 0.90E+07 0.90E+07
 0.90E+07 0.90E+07 0.90E+07 0.90E+07 0.90E+07 0.90E+07 0.90E+07 0.90E+07 0.90E+07 0.90E+07
 0.90E+07 0.90E+07 0.90E+07 0.90E+07 0.90E+07 0.90E+07 0.90E+07 0.90E+07 0.90E+07 0.90E+07
 0.90E+07 0.90E+07
  i =  40   z =  0.33413E+01
 0.75E+07 0.75E+07 0.75E+07 0.75E+07 0.75E+07 0.75E+07 0.75E+07 0.75E+07 0.75E+07 0.75E+07
 0.75E+07 0.75E+07 0.75E+07 0.75E+07 0.75E+07 0.75E+07 0.75E+07 0.75E+07 0.75E+07 0.75E+07
 0.75E+07 0.75E+07 0.75E+07 0.75E+07 0.75E+07 0.75E+07 0.75E+07 0.75E+07 0.75E+07 0.75E+07
 0.75E+07 0.75E+07 0.75E+07 0.75E+07 0.75E+07 0.75E+07 0.75E+07 0.75E+07 0.75E+07 0.75E+07
 0.75E+07 0.75E+07 0.75E+07 0.75E+07 0.75E+07 0.75E+07 0.75E+07 0.75E+07 0.75E+07 0.75E+07
 0.75E+07 0.75E+07 0.75E+07 0.75E+07 0.75E+07 0.75E+07 0.75E+07 0.75E+07 0.75E+07 0.75E+07
 0.75E+07 0.75E+07 0.75E+07 0.75E+07 0.75E+07 0.75E+07 0.75E+07 0.75E+07 0.75E+07 0.75E+07
 0.75E+07 0.75E+07
  i =  41   z =  0.34472E+01
 0.63E+07 0.63E+07 0.63E+07 0.63E+07 0.63E+07 0.63E+07 0.63E+07 0.63E+07 0.63E+07 0.63E+07
 0.63E+07 0.63E+07 0.63E+07 0.63E+07 0.63E+07 0.63E+07 0.63E+07 0.63E+07 0.63E+07 0.63E+07
 0.63E+07 0.63E+07 0.63E+07 0.63E+07 0.63E+07 0.63E+07 0.63E+07 0.63E+07 0.63E+07 0.63E+07
 0.63E+07 0.63E+07 0.63E+07 0.63E+07 0.63E+07 0.63E+07 0.63E+07 0.63E+07 0.63E+07 0.63E+07
 0.63E+07 0.63E+07 0.63E+07 0.63E+07 0.63E+07 0.63E+07 0.63E+07 0.63E+07 0.63E+07 0.63E+07
 0.63E+07 0.63E+07 0.63E+07 0.63E+07 0.63E+07 0.63E+07 0.63E+07 0.63E+07 0.63E+07 0.63E+07
 0.63E+07 0.63E+07 0.63E+07 0.63E+07 0.63E+07 0.63E+07 0.63E+07 0.63E+07 0.63E+07 0.63E+07
 0.63E+07 0.63E+07
  i =  42   z =  0.35829E+01
 0.56E+07 0.56E+07 0.56E+07 0.56E+07 0.56E+07 0.56E+07 0.56E+07 0.56E+07 0.56E+07 0.56E+07
 0.56E+07 0.56E+07 0.56E+07 0.56E+07 0.56E+07 0.56E+07 0.56E+07 0.56E+07 0.56E+07 0.56E+07
 0.56E+07 0.56E+07 0.56E+07 0.56E+07 0.56E+07 0.56E+07 0.56E+07 0.56E+07 0.56E+07 0.56E+07
 0.56E+07 0.56E+07 0.56E+07 0.56E+07 0.56E+07 0.56E+07 0.56E+07 0.56E+07 0.56E+07 0.56E+07
 0.56E+07 0.56E+07 0.56E+07 0.56E+07 0.56E+07 0.56E+07 0.56E+07 0.56E+07 0.56E+07 0.56E+07
 0.56E+07 0.56E+07 0.56E+07 0.56E+07 0.56E+07 0.56E+07 0.56E+07 0.56E+07 0.56E+07 0.56E+07
 0.56E+07 0.56E+07 0.56E+07 0.56E+07 0.56E+07 0.56E+07 0.56E+07 0.56E+07 0.56E+07 0.56E+07
 0.56E+07 0.56E+07
  i =  43   z =  0.37567E+01
 0.50E+07 0.50E+07 0.50E+07 0.50E+07 0.50E+07 0.50E+07 0.50E+07 0.50E+07 0.50E+07 0.50E+07
 0.50E+07 0.50E+07 0.50E+07 0.50E+07 0.50E+07 0.50E+07 0.50E+07 0.50E+07 0.50E+07 0.50E+07
 0.50E+07 0.50E+07 0.50E+07 0.50E+07 0.50E+07 0.50E+07 0.50E+07 0.50E+07 0.50E+07 0.50E+07
 0.50E+07 0.50E+07 0.50E+07 0.50E+07 0.50E+07 0.50E+07 0.50E+07 0.50E+07 0.50E+07 0.50E+07
 0.50E+07 0.50E+07 0.50E+07 0.50E+07 0.50E+07 0.50E+07 0.50E+07 0.50E+07 0.50E+07 0.50E+07
 0.50E+07 0.50E+07 0.50E+07 0.50E+07 0.50E+07 0.50E+07 0.50E+07 0.50E+07 0.50E+07 0.50E+07
 0.50E+07 0.50E+07 0.50E+07 0.50E+07 0.50E+07 0.50E+07 0.50E+07 0.50E+07 0.50E+07 0.50E+07
 0.50E+07 0.50E+07
  i =  44   z =  0.39792E+01
 0.45E+07 0.45E+07 0.45E+07 0.45E+07 0.45E+07 0.45E+07 0.45E+07 0.45E+07 0.45E+07 0.45E+07
 0.45E+07 0.45E+07 0.45E+07 0.45E+07 0.45E+07 0.45E+07 0.45E+07 0.45E+07 0.45E+07 0.45E+07
 0.45E+07 0.45E+07 0.45E+07 0.45E+07 0.45E+07 0.45E+07 0.45E+07 0.45E+07 0.45E+07 0.45E+07
 0.45E+07 0.45E+07 0.45E+07 0.45E+07 0.45E+07 0.45E+07 0.45E+07 0.45E+07 0.45E+07 0.45E+07
 0.45E+07 0.45E+07 0.45E+07 0.45E+07 0.45E+07 0.45E+07 0.45E+07 0.45E+07 0.45E+07 0.45E+07
 0.45E+07 0.45E+07 0.45E+07 0.45E+07 0.45E+07 0.45E+07 0.45E+07 0.45E+07 0.45E+07 0.45E+07
 0.45E+07 0.45E+07 0.45E+07 0.45E+07 0.45E+07 0.45E+07 0.45E+07 0.45E+07 0.45E+07 0.45E+07
 0.45E+07 0.45E+07
  i =  45   z =  0.42644E+01
 0.42E+07 0.42E+07 0.42E+07 0.42E+07 0.42E+07 0.42E+07 0.42E+07 0.42E+07 0.42E+07 0.42E+07
 0.42E+07 0.42E+07 0.42E+07 0.42E+07 0.42E+07 0.42E+07 0.42E+07 0.42E+07 0.42E+07 0.42E+07
 0.42E+07 0.42E+07 0.42E+07 0.42E+07 0.42E+07 0.42E+07 0.42E+07 0.42E+07 0.42E+07 0.42E+07
 0.42E+07 0.42E+07 0.42E+07 0.42E+07 0.42E+07 0.42E+07 0.42E+07 0.42E+07 0.42E+07 0.42E+07
 0.42E+07 0.42E+07 0.42E+07 0.42E+07 0.42E+07 0.42E+07 0.42E+07 0.42E+07 0.42E+07 0.42E+07
 0.42E+07 0.42E+07 0.42E+07 0.42E+07 0.42E+07 0.42E+07 0.42E+07 0.42E+07 0.42E+07 0.42E+07
 0.42E+07 0.42E+07 0.42E+07 0.42E+07 0.42E+07 0.42E+07 0.42E+07 0.42E+07 0.42E+07 0.42E+07
 0.42E+07 0.42E+07
  i =  46   z =  0.46296E+01
 0.39E+07 0.39E+07 0.39E+07 0.39E+07 0.39E+07 0.39E+07 0.39E+07 0.39E+07 0.39E+07 0.39E+07
 0.39E+07 0.39E+07 0.39E+07 0.39E+07 0.39E+07 0.39E+07 0.39E+07 0.39E+07 0.39E+07 0.39E+07
 0.39E+07 0.39E+07 0.39E+07 0.39E+07 0.39E+07 0.39E+07 0.39E+07 0.39E+07 0.39E+07 0.39E+07
 0.39E+07 0.39E+07 0.39E+07 0.39E+07 0.39E+07 0.39E+07 0.39E+07 0.39E+07 0.39E+07 0.39E+07
 0.39E+07 0.39E+07 0.39E+07 0.39E+07 0.39E+07 0.39E+07 0.39E+07 0.39E+07 0.39E+07 0.39E+07
 0.39E+07 0.39E+07 0.39E+07 0.39E+07 0.39E+07 0.39E+07 0.39E+07 0.39E+07 0.39E+07 0.39E+07
 0.39E+07 0.39E+07 0.39E+07 0.39E+07 0.39E+07 0.39E+07 0.39E+07 0.39E+07 0.39E+07 0.39E+07
 0.39E+07 0.39E+07
  i =  47   z =  0.50974E+01
 0.36E+07 0.36E+07 0.36E+07 0.36E+07 0.36E+07 0.36E+07 0.36E+07 0.36E+07 0.36E+07 0.36E+07
 0.36E+07 0.36E+07 0.36E+07 0.36E+07 0.36E+07 0.36E+07 0.36E+07 0.36E+07 0.36E+07 0.36E+07
 0.36E+07 0.36E+07 0.36E+07 0.36E+07 0.36E+07 0.36E+07 0.36E+07 0.36E+07 0.36E+07 0.36E+07
 0.36E+07 0.36E+07 0.36E+07 0.36E+07 0.36E+07 0.36E+07 0.36E+07 0.36E+07 0.36E+07 0.36E+07
 0.36E+07 0.36E+07 0.36E+07 0.36E+07 0.36E+07 0.36E+07 0.36E+07 0.36E+07 0.36E+07 0.36E+07
 0.36E+07 0.36E+07 0.36E+07 0.36E+07 0.36E+07 0.36E+07 0.36E+07 0.36E+07 0.36E+07 0.36E+07
 0.36E+07 0.36E+07 0.36E+07 0.36E+07 0.36E+07 0.36E+07 0.36E+07 0.36E+07 0.36E+07 0.36E+07
 0.36E+07 0.36E+07
  i =  48   z =  0.56967E+01
 0.33E+07 0.33E+07 0.33E+07 0.33E+07 0.33E+07 0.33E+07 0.33E+07 0.33E+07 0.33E+07 0.33E+07
 0.33E+07 0.33E+07 0.33E+07 0.33E+07 0.33E+07 0.33E+07 0.33E+07 0.33E+07 0.33E+07 0.33E+07
 0.33E+07 0.33E+07 0.33E+07 0.33E+07 0.33E+07 0.33E+07 0.33E+07 0.33E+07 0.33E+07 0.33E+07
 0.33E+07 0.33E+07 0.33E+07 0.33E+07 0.33E+07 0.33E+07 0.33E+07 0.33E+07 0.33E+07 0.33E+07
 0.33E+07 0.33E+07 0.33E+07 0.33E+07 0.33E+07 0.33E+07 0.33E+07 0.33E+07 0.33E+07 0.33E+07
 0.33E+07 0.33E+07 0.33E+07 0.33E+07 0.33E+07 0.33E+07 0.33E+07 0.33E+07 0.33E+07 0.33E+07
 0.33E+07 0.33E+07 0.33E+07 0.33E+07 0.33E+07 0.33E+07 0.33E+07 0.33E+07 0.33E+07 0.33E+07
 0.33E+07 0.33E+07
  i =  49   z =  0.64644E+01
 0.30E+07 0.30E+07 0.30E+07 0.30E+07 0.30E+07 0.30E+07 0.30E+07 0.30E+07 0.30E+07 0.30E+07
 0.30E+07 0.30E+07 0.30E+07 0.30E+07 0.30E+07 0.30E+07 0.30E+07 0.30E+07 0.30E+07 0.30E+07
 0.30E+07 0.30E+07 0.30E+07 0.30E+07 0.30E+07 0.30E+07 0.30E+07 0.30E+07 0.30E+07 0.30E+07
 0.30E+07 0.30E+07 0.30E+07 0.30E+07 0.30E+07 0.30E+07 0.30E+07 0.30E+07 0.30E+07 0.30E+07
 0.30E+07 0.30E+07 0.30E+07 0.30E+07 0.30E+07 0.30E+07 0.30E+07 0.30E+07 0.30E+07 0.30E+07
 0.30E+07 0.30E+07 0.30E+07 0.30E+07 0.30E+07 0.30E+07 0.30E+07 0.30E+07 0.30E+07 0.30E+07
 0.30E+07 0.30E+07 0.30E+07 0.30E+07 0.30E+07 0.30E+07 0.30E+07 0.30E+07 0.30E+07 0.30E+07
 0.30E+07 0.30E+07
  i =  50   z =  0.74478E+01
 0.27E+07 0.27E+07 0.27E+07 0.27E+07 0.27E+07 0.27E+07 0.27E+07 0.27E+07 0.27E+07 0.27E+07
 0.27E+07 0.27E+07 0.27E+07 0.27E+07 0.27E+07 0.27E+07 0.27E+07 0.27E+07 0.27E+07 0.27E+07
 0.27E+07 0.27E+07 0.27E+07 0.27E+07 0.27E+07 0.27E+07 0.27E+07 0.27E+07 0.27E+07 0.27E+07
 0.27E+07 0.27E+07 0.27E+07 0.27E+07 0.27E+07 0.27E+07 0.27E+07 0.27E+07 0.27E+07 0.27E+07
 0.27E+07 0.27E+07 0.27E+07 0.27E+07 0.27E+07 0.27E+07 0.27E+07 0.27E+07 0.27E+07 0.27E+07
 0.27E+07 0.27E+07 0.27E+07 0.27E+07 0.27E+07 0.27E+07 0.27E+07 0.27E+07 0.27E+07 0.27E+07
 0.27E+07 0.27E+07 0.27E+07 0.27E+07 0.27E+07 0.27E+07 0.27E+07 0.27E+07 0.27E+07 0.27E+07
 0.27E+07 0.27E+07
  i =  51   z =  0.85522E+01
 0.26E+07 0.26E+07 0.26E+07 0.26E+07 0.26E+07 0.26E+07 0.26E+07 0.26E+07 0.26E+07 0.26E+07
 0.26E+07 0.26E+07 0.26E+07 0.26E+07 0.26E+07 0.26E+07 0.26E+07 0.26E+07 0.26E+07 0.26E+07
 0.26E+07 0.26E+07 0.26E+07 0.26E+07 0.26E+07 0.26E+07 0.26E+07 0.26E+07 0.26E+07 0.26E+07
 0.26E+07 0.26E+07 0.26E+07 0.26E+07 0.26E+07 0.26E+07 0.26E+07 0.26E+07 0.26E+07 0.26E+07
 0.26E+07 0.26E+07 0.26E+07 0.26E+07 0.26E+07 0.26E+07 0.26E+07 0.26E+07 0.26E+07 0.26E+07
 0.26E+07 0.26E+07 0.26E+07 0.26E+07 0.26E+07 0.26E+07 0.26E+07 0.26E+07 0.26E+07 0.26E+07
 0.26E+07 0.26E+07 0.26E+07 0.26E+07 0.26E+07 0.26E+07 0.26E+07 0.26E+07 0.26E+07 0.26E+07
 0.26E+07 0.26E+07
  i =  52   z =  0.95356E+01
 0.26E+07 0.26E+07 0.26E+07 0.26E+07 0.26E+07 0.26E+07 0.26E+07 0.26E+07 0.26E+07 0.26E+07
 0.26E+07 0.26E+07 0.26E+07 0.26E+07 0.26E+07 0.26E+07 0.26E+07 0.26E+07 0.26E+07 0.26E+07
 0.26E+07 0.26E+07 0.26E+07 0.26E+07 0.26E+07 0.26E+07 0.26E+07 0.26E+07 0.26E+07 0.26E+07
 0.26E+07 0.26E+07 0.26E+07 0.26E+07 0.26E+07 0.26E+07 0.26E+07 0.26E+07 0.26E+07 0.26E+07
 0.26E+07 0.26E+07 0.26E+07 0.26E+07 0.26E+07 0.26E+07 0.26E+07 0.26E+07 0.26E+07 0.26E+07
 0.26E+07 0.26E+07 0.26E+07 0.26E+07 0.26E+07 0.26E+07 0.26E+07 0.26E+07 0.26E+07 0.26E+07
 0.26E+07 0.26E+07 0.26E+07 0.26E+07 0.26E+07 0.26E+07 0.26E+07 0.26E+07 0.26E+07 0.26E+07
 0.26E+07 0.26E+07
  i =  53   z =  0.10303E+02
 0.26E+07 0.26E+07 0.26E+07 0.26E+07 0.26E+07 0.26E+07 0.26E+07 0.26E+07 0.26E+07 0.26E+07
 0.26E+07 0.26E+07 0.26E+07 0.26E+07 0.26E+07 0.26E+07 0.26E+07 0.26E+07 0.26E+07 0.26E+07
 0.26E+07 0.26E+07 0.26E+07 0.26E+07 0.26E+07 0.26E+07 0.26E+07 0.26E+07 0.26E+07 0.26E+07
 0.26E+07 0.26E+07 0.26E+07 0.26E+07 0.26E+07 0.26E+07 0.26E+07 0.26E+07 0.26E+07 0.26E+07
 0.26E+07 0.26E+07 0.26E+07 0.26E+07 0.26E+07 0.26E+07 0.26E+07 0.26E+07 0.26E+07 0.26E+07
 0.26E+07 0.26E+07 0.26E+07 0.26E+07 0.26E+07 0.26E+07 0.26E+07 0.26E+07 0.26E+07 0.26E+07
 0.26E+07 0.26E+07 0.26E+07 0.26E+07 0.26E+07 0.26E+07 0.26E+07 0.26E+07 0.26E+07 0.26E+07
 0.26E+07 0.26E+07
  i =  54   z =  0.10903E+02
 0.26E+07 0.26E+07 0.26E+07 0.26E+07 0.26E+07 0.26E+07 0.26E+07 0.26E+07 0.26E+07 0.26E+07
 0.26E+07 0.26E+07 0.26E+07 0.26E+07 0.26E+07 0.26E+07 0.26E+07 0.26E+07 0.26E+07 0.26E+07
 0.26E+07 0.26E+07 0.26E+07 0.26E+07 0.26E+07 0.26E+07 0.26E+07 0.26E+07 0.26E+07 0.26E+07
 0.26E+07 0.26E+07 0.26E+07 0.26E+07 0.26E+07 0.26E+07 0.26E+07 0.26E+07 0.26E+07 0.26E+07
 0.26E+07 0.26E+07 0.26E+07 0.26E+07 0.26E+07 0.26E+07 0.26E+07 0.26E+07 0.26E+07 0.26E+07
 0.26E+07 0.26E+07 0.26E+07 0.26E+07 0.26E+07 0.26E+07 0.26E+07 0.26E+07 0.26E+07 0.26E+07
 0.26E+07 0.26E+07 0.26E+07 0.26E+07 0.26E+07 0.26E+07 0.26E+07 0.26E+07 0.26E+07 0.26E+07
 0.26E+07 0.26E+07
  i =  55   z =  0.11370E+02
 0.26E+07 0.26E+07 0.26E+07 0.26E+07 0.26E+07 0.26E+07 0.26E+07 0.26E+07 0.26E+07 0.26E+07
 0.26E+07 0.26E+07 0.26E+07 0.26E+07 0.26E+07 0.26E+07 0.26E+07 0.26E+07 0.26E+07 0.26E+07
 0.26E+07 0.26E+07 0.26E+07 0.26E+07 0.26E+07 0.26E+07 0.26E+07 0.26E+07 0.26E+07 0.26E+07
 0.26E+07 0.26E+07 0.26E+07 0.26E+07 0.26E+07 0.26E+07 0.26E+07 0.26E+07 0.26E+07 0.26E+07
 0.26E+07 0.26E+07 0.26E+07 0.26E+07 0.26E+07 0.26E+07 0.26E+07 0.26E+07 0.26E+07 0.26E+07
 0.26E+07 0.26E+07 0.26E+07 0.26E+07 0.26E+07 0.26E+07 0.26E+07 0.26E+07 0.26E+07 0.26E+07
 0.26E+07 0.26E+07 0.26E+07 0.26E+07 0.26E+07 0.26E+07 0.26E+07 0.26E+07 0.26E+07 0.26E+07
 0.26E+07 0.26E+07
  i =  56   z =  0.11736E+02
 0.26E+07 0.26E+07 0.26E+07 0.26E+07 0.26E+07 0.26E+07 0.26E+07 0.26E+07 0.26E+07 0.26E+07
 0.26E+07 0.26E+07 0.26E+07 0.26E+07 0.26E+07 0.26E+07 0.26E+07 0.26E+07 0.26E+07 0.26E+07
 0.26E+07 0.26E+07 0.26E+07 0.26E+07 0.26E+07 0.26E+07 0.26E+07 0.26E+07 0.26E+07 0.26E+07
 0.26E+07 0.26E+07 0.26E+07 0.26E+07 0.26E+07 0.26E+07 0.26E+07 0.26E+07 0.26E+07 0.26E+07
 0.26E+07 0.26E+07 0.26E+07 0.26E+07 0.26E+07 0.26E+07 0.26E+07 0.26E+07 0.26E+07 0.26E+07
 0.26E+07 0.26E+07 0.26E+07 0.26E+07 0.26E+07 0.26E+07 0.26E+07 0.26E+07 0.26E+07 0.26E+07
 0.26E+07 0.26E+07 0.26E+07 0.26E+07 0.26E+07 0.26E+07 0.26E+07 0.26E+07 0.26E+07 0.26E+07
 0.26E+07 0.26E+07
  i =  57   z =  0.12021E+02
 0.26E+07 0.26E+07 0.26E+07 0.26E+07 0.26E+07 0.26E+07 0.26E+07 0.26E+07 0.26E+07 0.26E+07
 0.26E+07 0.26E+07 0.26E+07 0.26E+07 0.26E+07 0.26E+07 0.26E+07 0.26E+07 0.26E+07 0.26E+07
 0.26E+07 0.26E+07 0.26E+07 0.26E+07 0.26E+07 0.26E+07 0.26E+07 0.26E+07 0.26E+07 0.26E+07
 0.26E+07 0.26E+07 0.26E+07 0.26E+07 0.26E+07 0.26E+07 0.26E+07 0.26E+07 0.26E+07 0.26E+07
 0.26E+07 0.26E+07 0.26E+07 0.26E+07 0.26E+07 0.26E+07 0.26E+07 0.26E+07 0.26E+07 0.26E+07
 0.26E+07 0.26E+07 0.26E+07 0.26E+07 0.26E+07 0.26E+07 0.26E+07 0.26E+07 0.26E+07 0.26E+07
 0.26E+07 0.26E+07 0.26E+07 0.26E+07 0.26E+07 0.26E+07 0.26E+07 0.26E+07 0.26E+07 0.26E+07
 0.26E+07 0.26E+07
  i =  58   z =  0.12243E+02
 0.26E+07 0.26E+07 0.26E+07 0.26E+07 0.26E+07 0.26E+07 0.26E+07 0.26E+07 0.26E+07 0.26E+07
 0.26E+07 0.26E+07 0.26E+07 0.26E+07 0.26E+07 0.26E+07 0.26E+07 0.26E+07 0.26E+07 0.26E+07
 0.26E+07 0.26E+07 0.26E+07 0.26E+07 0.26E+07 0.26E+07 0.26E+07 0.26E+07 0.26E+07 0.26E+07
 0.26E+07 0.26E+07 0.26E+07 0.26E+07 0.26E+07 0.26E+07 0.26E+07 0.26E+07 0.26E+07 0.26E+07
 0.26E+07 0.26E+07 0.26E+07 0.26E+07 0.26E+07 0.26E+07 0.26E+07 0.26E+07 0.26E+07 0.26E+07
 0.26E+07 0.26E+07 0.26E+07 0.26E+07 0.26E+07 0.26E+07 0.26E+07 0.26E+07 0.26E+07 0.26E+07
 0.26E+07 0.26E+07 0.26E+07 0.26E+07 0.26E+07 0.26E+07 0.26E+07 0.26E+07 0.26E+07 0.26E+07
 0.26E+07 0.26E+07
  i =  59   z =  0.12417E+02
 0.26E+07 0.26E+07 0.26E+07 0.26E+07 0.26E+07 0.26E+07 0.26E+07 0.26E+07 0.26E+07 0.26E+07
 0.26E+07 0.26E+07 0.26E+07 0.26E+07 0.26E+07 0.26E+07 0.26E+07 0.26E+07 0.26E+07 0.26E+07
 0.26E+07 0.26E+07 0.26E+07 0.26E+07 0.26E+07 0.26E+07 0.26E+07 0.26E+07 0.26E+07 0.26E+07
 0.26E+07 0.26E+07 0.26E+07 0.26E+07 0.26E+07 0.26E+07 0.26E+07 0.26E+07 0.26E+07 0.26E+07
 0.26E+07 0.26E+07 0.26E+07 0.26E+07 0.26E+07 0.26E+07 0.26E+07 0.26E+07 0.26E+07 0.26E+07
 0.26E+07 0.26E+07 0.26E+07 0.26E+07 0.26E+07 0.26E+07 0.26E+07 0.26E+07 0.26E+07 0.26E+07
 0.26E+07 0.26E+07 0.26E+07 0.26E+07 0.26E+07 0.26E+07 0.26E+07 0.26E+07 0.26E+07 0.26E+07
 0.26E+07 0.26E+07
  i =  60   z =  0.12553E+02
 0.26E+07 0.26E+07 0.26E+07 0.26E+07 0.26E+07 0.26E+07 0.26E+07 0.26E+07 0.26E+07 0.26E+07
 0.26E+07 0.26E+07 0.26E+07 0.26E+07 0.26E+07 0.26E+07 0.26E+07 0.26E+07 0.26E+07 0.26E+07
 0.26E+07 0.26E+07 0.26E+07 0.26E+07 0.26E+07 0.26E+07 0.26E+07 0.26E+07 0.26E+07 0.26E+07
 0.26E+07 0.26E+07 0.26E+07 0.26E+07 0.26E+07 0.26E+07 0.26E+07 0.26E+07 0.26E+07 0.26E+07
 0.26E+07 0.26E+07 0.26E+07 0.26E+07 0.26E+07 0.26E+07 0.26E+07 0.26E+07 0.26E+07 0.26E+07
 0.26E+07 0.26E+07 0.26E+07 0.26E+07 0.26E+07 0.26E+07 0.26E+07 0.26E+07 0.26E+07 0.26E+07
 0.26E+07 0.26E+07 0.26E+07 0.26E+07 0.26E+07 0.26E+07 0.26E+07 0.26E+07 0.26E+07 0.26E+07
 0.26E+07 0.26E+07
  i =  61   z =  0.12659E+02
 0.26E+07 0.26E+07 0.26E+07 0.26E+07 0.26E+07 0.26E+07 0.26E+07 0.26E+07 0.26E+07 0.26E+07
 0.26E+07 0.26E+07 0.26E+07 0.26E+07 0.26E+07 0.26E+07 0.26E+07 0.26E+07 0.26E+07 0.26E+07
 0.26E+07 0.26E+07 0.26E+07 0.26E+07 0.26E+07 0.26E+07 0.26E+07 0.26E+07 0.26E+07 0.26E+07
 0.26E+07 0.26E+07 0.26E+07 0.26E+07 0.26E+07 0.26E+07 0.26E+07 0.26E+07 0.26E+07 0.26E+07
 0.26E+07 0.26E+07 0.26E+07 0.26E+07 0.26E+07 0.26E+07 0.26E+07 0.26E+07 0.26E+07 0.26E+07
 0.26E+07 0.26E+07 0.26E+07 0.26E+07 0.26E+07 0.26E+07 0.26E+07 0.26E+07 0.26E+07 0.26E+07
 0.26E+07 0.26E+07 0.26E+07 0.26E+07 0.26E+07 0.26E+07 0.26E+07 0.26E+07 0.26E+07 0.26E+07
 0.26E+07 0.26E+07
  i =  62   z =  0.12741E+02
 0.26E+07 0.26E+07 0.26E+07 0.26E+07 0.26E+07 0.26E+07 0.26E+07 0.26E+07 0.26E+07 0.26E+07
 0.26E+07 0.26E+07 0.26E+07 0.26E+07 0.26E+07 0.26E+07 0.26E+07 0.26E+07 0.26E+07 0.26E+07
 0.26E+07 0.26E+07 0.26E+07 0.26E+07 0.26E+07 0.26E+07 0.26E+07 0.26E+07 0.26E+07 0.26E+07
 0.26E+07 0.26E+07 0.26E+07 0.26E+07 0.26E+07 0.26E+07 0.26E+07 0.26E+07 0.26E+07 0.26E+07
 0.26E+07 0.26E+07 0.26E+07 0.26E+07 0.26E+07 0.26E+07 0.26E+07 0.26E+07 0.26E+07 0.26E+07
 0.26E+07 0.26E+07 0.26E+07 0.26E+07 0.26E+07 0.26E+07 0.26E+07 0.26E+07 0.26E+07 0.26E+07
 0.26E+07 0.26E+07 0.26E+07 0.26E+07 0.26E+07 0.26E+07 0.26E+07 0.26E+07 0.26E+07 0.26E+07
 0.26E+07 0.26E+07
  i =  63   z =  0.12806E+02
 0.26E+07 0.26E+07 0.26E+07 0.26E+07 0.26E+07 0.26E+07 0.26E+07 0.26E+07 0.26E+07 0.26E+07
 0.26E+07 0.26E+07 0.26E+07 0.26E+07 0.26E+07 0.26E+07 0.26E+07 0.26E+07 0.26E+07 0.26E+07
 0.26E+07 0.26E+07 0.26E+07 0.26E+07 0.26E+07 0.26E+07 0.26E+07 0.26E+07 0.26E+07 0.26E+07
 0.26E+07 0.26E+07 0.26E+07 0.26E+07 0.26E+07 0.26E+07 0.26E+07 0.26E+07 0.26E+07 0.26E+07
 0.26E+07 0.26E+07 0.26E+07 0.26E+07 0.26E+07 0.26E+07 0.26E+07 0.26E+07 0.26E+07 0.26E+07
 0.26E+07 0.26E+07 0.26E+07 0.26E+07 0.26E+07 0.26E+07 0.26E+07 0.26E+07 0.26E+07 0.26E+07
 0.26E+07 0.26E+07 0.26E+07 0.26E+07 0.26E+07 0.26E+07 0.26E+07 0.26E+07 0.26E+07 0.26E+07
 0.26E+07 0.26E+07
  i =  64   z =  0.12856E+02
 0.26E+07 0.26E+07 0.26E+07 0.26E+07 0.26E+07 0.26E+07 0.26E+07 0.26E+07 0.26E+07 0.26E+07
 0.26E+07 0.26E+07 0.26E+07 0.26E+07 0.26E+07 0.26E+07 0.26E+07 0.26E+07 0.26E+07 0.26E+07
 0.26E+07 0.26E+07 0.26E+07 0.26E+07 0.26E+07 0.26E+07 0.26E+07 0.26E+07 0.26E+07 0.26E+07
 0.26E+07 0.26E+07 0.26E+07 0.26E+07 0.26E+07 0.26E+07 0.26E+07 0.26E+07 0.26E+07 0.26E+07
 0.26E+07 0.26E+07 0.26E+07 0.26E+07 0.26E+07 0.26E+07 0.26E+07 0.26E+07 0.26E+07 0.26E+07
 0.26E+07 0.26E+07 0.26E+07 0.26E+07 0.26E+07 0.26E+07 0.26E+07 0.26E+07 0.26E+07 0.26E+07
 0.26E+07 0.26E+07 0.26E+07 0.26E+07 0.26E+07 0.26E+07 0.26E+07 0.26E+07 0.26E+07 0.26E+07
 0.26E+07 0.26E+07
  i =  65   z =  0.12896E+02
 0.26E+07 0.26E+07 0.26E+07 0.26E+07 0.26E+07 0.26E+07 0.26E+07 0.26E+07 0.26E+07 0.26E+07
 0.26E+07 0.26E+07 0.26E+07 0.26E+07 0.26E+07 0.26E+07 0.26E+07 0.26E+07 0.26E+07 0.26E+07
 0.26E+07 0.26E+07 0.26E+07 0.26E+07 0.26E+07 0.26E+07 0.26E+07 0.26E+07 0.26E+07 0.26E+07
 0.26E+07 0.26E+07 0.26E+07 0.26E+07 0.26E+07 0.26E+07 0.26E+07 0.26E+07 0.26E+07 0.26E+07
 0.26E+07 0.26E+07 0.26E+07 0.26E+07 0.26E+07 0.26E+07 0.26E+07 0.26E+07 0.26E+07 0.26E+07
 0.26E+07 0.26E+07 0.26E+07 0.26E+07 0.26E+07 0.26E+07 0.26E+07 0.26E+07 0.26E+07 0.26E+07
 0.26E+07 0.26E+07 0.26E+07 0.26E+07 0.26E+07 0.26E+07 0.26E+07 0.26E+07 0.26E+07 0.26E+07
 0.26E+07 0.26E+07
  i =  66   z =  0.12926E+02
 0.26E+07 0.26E+07 0.26E+07 0.26E+07 0.26E+07 0.26E+07 0.26E+07 0.26E+07 0.26E+07 0.26E+07
 0.26E+07 0.26E+07 0.26E+07 0.26E+07 0.26E+07 0.26E+07 0.26E+07 0.26E+07 0.26E+07 0.26E+07
 0.26E+07 0.26E+07 0.26E+07 0.26E+07 0.26E+07 0.26E+07 0.26E+07 0.26E+07 0.26E+07 0.26E+07
 0.26E+07 0.26E+07 0.26E+07 0.26E+07 0.26E+07 0.26E+07 0.26E+07 0.26E+07 0.26E+07 0.26E+07
 0.26E+07 0.26E+07 0.26E+07 0.26E+07 0.26E+07 0.26E+07 0.26E+07 0.26E+07 0.26E+07 0.26E+07
 0.26E+07 0.26E+07 0.26E+07 0.26E+07 0.26E+07 0.26E+07 0.26E+07 0.26E+07 0.26E+07 0.26E+07
 0.26E+07 0.26E+07 0.26E+07 0.26E+07 0.26E+07 0.26E+07 0.26E+07 0.26E+07 0.26E+07 0.26E+07
 0.26E+07 0.26E+07
  i =  67   z =  0.12950E+02
 0.26E+07 0.26E+07 0.26E+07 0.26E+07 0.26E+07 0.26E+07 0.26E+07 0.26E+07 0.26E+07 0.26E+07
 0.26E+07 0.26E+07 0.26E+07 0.26E+07 0.26E+07 0.26E+07 0.26E+07 0.26E+07 0.26E+07 0.26E+07
 0.26E+07 0.26E+07 0.26E+07 0.26E+07 0.26E+07 0.26E+07 0.26E+07 0.26E+07 0.26E+07 0.26E+07
 0.26E+07 0.26E+07 0.26E+07 0.26E+07 0.26E+07 0.26E+07 0.26E+07 0.26E+07 0.26E+07 0.26E+07
 0.26E+07 0.26E+07 0.26E+07 0.26E+07 0.26E+07 0.26E+07 0.26E+07 0.26E+07 0.26E+07 0.26E+07
 0.26E+07 0.26E+07 0.26E+07 0.26E+07 0.26E+07 0.26E+07 0.26E+07 0.26E+07 0.26E+07 0.26E+07
 0.26E+07 0.26E+07 0.26E+07 0.26E+07 0.26E+07 0.26E+07 0.26E+07 0.26E+07 0.26E+07 0.26E+07
 0.26E+07 0.26E+07
  i =  68   z =  0.12969E+02
 0.26E+07 0.26E+07 0.26E+07 0.26E+07 0.26E+07 0.26E+07 0.26E+07 0.26E+07 0.26E+07 0.26E+07
 0.26E+07 0.26E+07 0.26E+07 0.26E+07 0.26E+07 0.26E+07 0.26E+07 0.26E+07 0.26E+07 0.26E+07
 0.26E+07 0.26E+07 0.26E+07 0.26E+07 0.26E+07 0.26E+07 0.26E+07 0.26E+07 0.26E+07 0.26E+07
 0.26E+07 0.26E+07 0.26E+07 0.26E+07 0.26E+07 0.26E+07 0.26E+07 0.26E+07 0.26E+07 0.26E+07
 0.26E+07 0.26E+07 0.26E+07 0.26E+07 0.26E+07 0.26E+07 0.26E+07 0.26E+07 0.26E+07 0.26E+07
 0.26E+07 0.26E+07 0.26E+07 0.26E+07 0.26E+07 0.26E+07 0.26E+07 0.26E+07 0.26E+07 0.26E+07
 0.26E+07 0.26E+07 0.26E+07 0.26E+07 0.26E+07 0.26E+07 0.26E+07 0.26E+07 0.26E+07 0.26E+07
 0.26E+07 0.26E+07
  i =  69   z =  0.12984E+02
 0.26E+07 0.26E+07 0.26E+07 0.26E+07 0.26E+07 0.26E+07 0.26E+07 0.26E+07 0.26E+07 0.26E+07
 0.26E+07 0.26E+07 0.26E+07 0.26E+07 0.26E+07 0.26E+07 0.26E+07 0.26E+07 0.26E+07 0.26E+07
 0.26E+07 0.26E+07 0.26E+07 0.26E+07 0.26E+07 0.26E+07 0.26E+07 0.26E+07 0.26E+07 0.26E+07
 0.26E+07 0.26E+07 0.26E+07 0.26E+07 0.26E+07 0.26E+07 0.26E+07 0.26E+07 0.26E+07 0.26E+07
 0.26E+07 0.26E+07 0.26E+07 0.26E+07 0.26E+07 0.26E+07 0.26E+07 0.26E+07 0.26E+07 0.26E+07
 0.26E+07 0.26E+07 0.26E+07 0.26E+07 0.26E+07 0.26E+07 0.26E+07 0.26E+07 0.26E+07 0.26E+07
 0.26E+07 0.26E+07 0.26E+07 0.26E+07 0.26E+07 0.26E+07 0.26E+07 0.26E+07 0.26E+07 0.26E+07
 0.26E+07 0.26E+07
  i =  70   z =  0.12995E+02
 0.26E+07 0.26E+07 0.26E+07 0.26E+07 0.26E+07 0.26E+07 0.26E+07 0.26E+07 0.26E+07 0.26E+07
 0.26E+07 0.26E+07 0.26E+07 0.26E+07 0.26E+07 0.26E+07 0.26E+07 0.26E+07 0.26E+07 0.26E+07
 0.26E+07 0.26E+07 0.26E+07 0.26E+07 0.26E+07 0.26E+07 0.26E+07 0.26E+07 0.26E+07 0.26E+07
 0.26E+07 0.26E+07 0.26E+07 0.26E+07 0.26E+07 0.26E+07 0.26E+07 0.26E+07 0.26E+07 0.26E+07
 0.26E+07 0.26E+07 0.26E+07 0.26E+07 0.26E+07 0.26E+07 0.26E+07 0.26E+07 0.26E+07 0.26E+07
 0.26E+07 0.26E+07 0.26E+07 0.26E+07 0.26E+07 0.26E+07 0.26E+07 0.26E+07 0.26E+07 0.26E+07
 0.26E+07 0.26E+07 0.26E+07 0.26E+07 0.26E+07 0.26E+07 0.26E+07 0.26E+07 0.26E+07 0.26E+07
 0.26E+07 0.26E+07
  i =  71   z =  0.13005E+02
 0.26E+07 0.26E+07 0.26E+07 0.26E+07 0.26E+07 0.26E+07 0.26E+07 0.26E+07 0.26E+07 0.26E+07
 0.26E+07 0.26E+07 0.26E+07 0.26E+07 0.26E+07 0.26E+07 0.26E+07 0.26E+07 0.26E+07 0.26E+07
 0.26E+07 0.26E+07 0.26E+07 0.26E+07 0.26E+07 0.26E+07 0.26E+07 0.26E+07 0.26E+07 0.26E+07
 0.26E+07 0.26E+07 0.26E+07 0.26E+07 0.26E+07 0.26E+07 0.26E+07 0.26E+07 0.26E+07 0.26E+07
 0.26E+07 0.26E+07 0.26E+07 0.26E+07 0.26E+07 0.26E+07 0.26E+07 0.26E+07 0.26E+07 0.26E+07
 0.26E+07 0.26E+07 0.26E+07 0.26E+07 0.26E+07 0.26E+07 0.26E+07 0.26E+07 0.26E+07 0.26E+07
 0.26E+07 0.26E+07 0.26E+07 0.26E+07 0.26E+07 0.26E+07 0.26E+07 0.26E+07 0.26E+07 0.26E+07
 0.26E+07 0.26E+07
  i =  72   z =  0.13016E+02
 0.26E+07 0.26E+07 0.26E+07 0.26E+07 0.26E+07 0.26E+07 0.26E+07 0.26E+07 0.26E+07 0.26E+07
 0.26E+07 0.26E+07 0.26E+07 0.26E+07 0.26E+07 0.26E+07 0.26E+07 0.26E+07 0.26E+07 0.26E+07
 0.26E+07 0.26E+07 0.26E+07 0.26E+07 0.26E+07 0.26E+07 0.26E+07 0.26E+07 0.26E+07 0.26E+07
 0.26E+07 0.26E+07 0.26E+07 0.26E+07 0.26E+07 0.26E+07 0.26E+07 0.26E+07 0.26E+07 0.26E+07
 0.26E+07 0.26E+07 0.26E+07 0.26E+07 0.26E+07 0.26E+07 0.26E+07 0.26E+07 0.26E+07 0.26E+07
 0.26E+07 0.26E+07 0.26E+07 0.26E+07 0.26E+07 0.26E+07 0.26E+07 0.26E+07 0.26E+07 0.26E+07
 0.26E+07 0.26E+07 0.26E+07 0.26E+07 0.26E+07 0.26E+07 0.26E+07 0.26E+07 0.26E+07 0.26E+07
 0.26E+07 0.26E+07
  i =  73   z =  0.13027E+02
 0.26E+07 0.26E+07 0.26E+07 0.26E+07 0.26E+07 0.26E+07 0.26E+07 0.26E+07 0.26E+07 0.26E+07
 0.26E+07 0.26E+07 0.26E+07 0.26E+07 0.26E+07 0.26E+07 0.26E+07 0.26E+07 0.26E+07 0.26E+07
 0.26E+07 0.26E+07 0.26E+07 0.26E+07 0.26E+07 0.26E+07 0.26E+07 0.26E+07 0.26E+07 0.26E+07
 0.26E+07 0.26E+07 0.26E+07 0.26E+07 0.26E+07 0.26E+07 0.26E+07 0.26E+07 0.26E+07 0.26E+07
 0.26E+07 0.26E+07 0.26E+07 0.26E+07 0.26E+07 0.26E+07 0.26E+07 0.26E+07 0.26E+07 0.26E+07
 0.26E+07 0.26E+07 0.26E+07 0.26E+07 0.26E+07 0.26E+07 0.26E+07 0.26E+07 0.26E+07 0.26E+07
 0.26E+07 0.26E+07 0.26E+07 0.26E+07 0.26E+07 0.26E+07 0.26E+07 0.26E+07 0.26E+07 0.26E+07
 0.26E+07 0.26E+07
  i =  74   z =  0.13040E+02
 0.26E+07 0.26E+07 0.26E+07 0.26E+07 0.26E+07 0.26E+07 0.26E+07 0.26E+07 0.26E+07 0.26E+07
 0.26E+07 0.26E+07 0.26E+07 0.26E+07 0.26E+07 0.26E+07 0.26E+07 0.26E+07 0.26E+07 0.26E+07
 0.26E+07 0.26E+07 0.26E+07 0.26E+07 0.26E+07 0.26E+07 0.26E+07 0.26E+07 0.26E+07 0.26E+07
 0.26E+07 0.26E+07 0.26E+07 0.26E+07 0.26E+07 0.26E+07 0.26E+07 0.26E+07 0.26E+07 0.26E+07
 0.26E+07 0.26E+07 0.26E+07 0.26E+07 0.26E+07 0.26E+07 0.26E+07 0.26E+07 0.26E+07 0.26E+07
 0.26E+07 0.26E+07 0.26E+07 0.26E+07 0.26E+07 0.26E+07 0.26E+07 0.26E+07 0.26E+07 0.26E+07
 0.26E+07 0.26E+07 0.26E+07 0.26E+07 0.26E+07 0.26E+07 0.26E+07 0.26E+07 0.26E+07 0.26E+07
 0.26E+07 0.26E+07
  i =  75   z =  0.13054E+02
 0.26E+07 0.26E+07 0.26E+07 0.26E+07 0.26E+07 0.26E+07 0.26E+07 0.26E+07 0.26E+07 0.26E+07
 0.26E+07 0.26E+07 0.26E+07 0.26E+07 0.26E+07 0.26E+07 0.26E+07 0.26E+07 0.26E+07 0.26E+07
 0.26E+07 0.26E+07 0.26E+07 0.26E+07 0.26E+07 0.26E+07 0.26E+07 0.26E+07 0.26E+07 0.26E+07
 0.26E+07 0.26E+07 0.26E+07 0.26E+07 0.26E+07 0.26E+07 0.26E+07 0.26E+07 0.26E+07 0.26E+07
 0.26E+07 0.26E+07 0.26E+07 0.26E+07 0.26E+07 0.26E+07 0.26E+07 0.26E+07 0.26E+07 0.26E+07
 0.26E+07 0.26E+07 0.26E+07 0.26E+07 0.26E+07 0.26E+07 0.26E+07 0.26E+07 0.26E+07 0.26E+07
 0.26E+07 0.26E+07 0.26E+07 0.26E+07 0.26E+07 0.26E+07 0.26E+07 0.26E+07 0.26E+07 0.26E+07
 0.26E+07 0.26E+07
  i =  76   z =  0.13069E+02
 0.26E+07 0.26E+07 0.26E+07 0.26E+07 0.26E+07 0.26E+07 0.26E+07 0.26E+07 0.26E+07 0.26E+07
 0.26E+07 0.26E+07 0.26E+07 0.26E+07 0.26E+07 0.26E+07 0.26E+07 0.26E+07 0.26E+07 0.26E+07
 0.26E+07 0.26E+07 0.26E+07 0.26E+07 0.26E+07 0.26E+07 0.26E+07 0.26E+07 0.26E+07 0.26E+07
 0.26E+07 0.26E+07 0.26E+07 0.26E+07 0.26E+07 0.26E+07 0.26E+07 0.26E+07 0.26E+07 0.26E+07
 0.26E+07 0.26E+07 0.26E+07 0.26E+07 0.26E+07 0.26E+07 0.26E+07 0.26E+07 0.26E+07 0.26E+07
 0.26E+07 0.26E+07 0.26E+07 0.26E+07 0.26E+07 0.26E+07 0.26E+07 0.26E+07 0.26E+07 0.26E+07
 0.26E+07 0.26E+07 0.26E+07 0.26E+07 0.26E+07 0.26E+07 0.26E+07 0.26E+07 0.26E+07 0.26E+07
 0.26E+07 0.26E+07
  i =  77   z =  0.13086E+02
 0.26E+07 0.26E+07 0.26E+07 0.26E+07 0.26E+07 0.26E+07 0.26E+07 0.26E+07 0.26E+07 0.26E+07
 0.26E+07 0.26E+07 0.26E+07 0.26E+07 0.26E+07 0.26E+07 0.26E+07 0.26E+07 0.26E+07 0.26E+07
 0.26E+07 0.26E+07 0.26E+07 0.26E+07 0.26E+07 0.26E+07 0.26E+07 0.26E+07 0.26E+07 0.26E+07
 0.26E+07 0.26E+07 0.26E+07 0.26E+07 0.26E+07 0.26E+07 0.26E+07 0.26E+07 0.26E+07 0.26E+07
 0.26E+07 0.26E+07 0.26E+07 0.26E+07 0.26E+07 0.26E+07 0.26E+07 0.26E+07 0.26E+07 0.26E+07
 0.26E+07 0.26E+07 0.26E+07 0.26E+07 0.26E+07 0.26E+07 0.26E+07 0.26E+07 0.26E+07 0.26E+07
 0.26E+07 0.26E+07 0.26E+07 0.26E+07 0.26E+07 0.26E+07 0.26E+07 0.26E+07 0.26E+07 0.26E+07
 0.26E+07 0.26E+07
  i =  78   z =  0.13105E+02
 0.26E+07 0.26E+07 0.26E+07 0.26E+07 0.26E+07 0.26E+07 0.26E+07 0.26E+07 0.26E+07 0.26E+07
 0.26E+07 0.26E+07 0.26E+07 0.26E+07 0.26E+07 0.26E+07 0.26E+07 0.26E+07 0.26E+07 0.26E+07
 0.26E+07 0.26E+07 0.26E+07 0.26E+07 0.26E+07 0.26E+07 0.26E+07 0.26E+07 0.26E+07 0.26E+07
 0.26E+07 0.26E+07 0.26E+07 0.26E+07 0.26E+07 0.26E+07 0.26E+07 0.26E+07 0.26E+07 0.26E+07
 0.26E+07 0.26E+07 0.26E+07 0.26E+07 0.26E+07 0.26E+07 0.26E+07 0.26E+07 0.26E+07 0.26E+07
 0.26E+07 0.26E+07 0.26E+07 0.26E+07 0.26E+07 0.26E+07 0.26E+07 0.26E+07 0.26E+07 0.26E+07
 0.26E+07 0.26E+07 0.26E+07 0.26E+07 0.26E+07 0.26E+07 0.26E+07 0.26E+07 0.26E+07 0.26E+07
 0.26E+07 0.26E+07
  i =  79   z =  0.13126E+02
 0.26E+07 0.26E+07 0.26E+07 0.26E+07 0.26E+07 0.26E+07 0.26E+07 0.26E+07 0.26E+07 0.26E+07
 0.26E+07 0.26E+07 0.26E+07 0.26E+07 0.26E+07 0.26E+07 0.26E+07 0.26E+07 0.26E+07 0.26E+07
 0.26E+07 0.26E+07 0.26E+07 0.26E+07 0.26E+07 0.26E+07 0.26E+07 0.26E+07 0.26E+07 0.26E+07
 0.26E+07 0.26E+07 0.26E+07 0.26E+07 0.26E+07 0.26E+07 0.26E+07 0.26E+07 0.26E+07 0.26E+07
 0.26E+07 0.26E+07 0.26E+07 0.26E+07 0.26E+07 0.26E+07 0.26E+07 0.26E+07 0.26E+07 0.26E+07
 0.26E+07 0.26E+07 0.26E+07 0.26E+07 0.26E+07 0.26E+07 0.26E+07 0.26E+07 0.26E+07 0.26E+07
 0.26E+07 0.26E+07 0.26E+07 0.26E+07 0.26E+07 0.26E+07 0.26E+07 0.26E+07 0.26E+07 0.26E+07
 0.26E+07 0.26E+07
  i =  80   z =  0.13148E+02
 0.26E+07 0.26E+07 0.26E+07 0.26E+07 0.26E+07 0.26E+07 0.26E+07 0.26E+07 0.26E+07 0.26E+07
 0.26E+07 0.26E+07 0.26E+07 0.26E+07 0.26E+07 0.26E+07 0.26E+07 0.26E+07 0.26E+07 0.26E+07
 0.26E+07 0.26E+07 0.26E+07 0.26E+07 0.26E+07 0.26E+07 0.26E+07 0.26E+07 0.26E+07 0.26E+07
 0.26E+07 0.26E+07 0.26E+07 0.26E+07 0.26E+07 0.26E+07 0.26E+07 0.26E+07 0.26E+07 0.26E+07
 0.26E+07 0.26E+07 0.26E+07 0.26E+07 0.26E+07 0.26E+07 0.26E+07 0.26E+07 0.26E+07 0.26E+07
 0.26E+07 0.26E+07 0.26E+07 0.26E+07 0.26E+07 0.26E+07 0.26E+07 0.26E+07 0.26E+07 0.26E+07
 0.26E+07 0.26E+07 0.26E+07 0.26E+07 0.26E+07 0.26E+07 0.26E+07 0.26E+07 0.26E+07 0.26E+07
 0.26E+07 0.26E+07
  i =  81   z =  0.13173E+02
 0.26E+07 0.26E+07 0.26E+07 0.26E+07 0.26E+07 0.26E+07 0.26E+07 0.26E+07 0.26E+07 0.26E+07
 0.26E+07 0.26E+07 0.26E+07 0.26E+07 0.26E+07 0.26E+07 0.26E+07 0.26E+07 0.26E+07 0.26E+07
 0.26E+07 0.26E+07 0.26E+07 0.26E+07 0.26E+07 0.26E+07 0.26E+07 0.26E+07 0.26E+07 0.26E+07
 0.26E+07 0.26E+07 0.26E+07 0.26E+07 0.26E+07 0.26E+07 0.26E+07 0.26E+07 0.26E+07 0.26E+07
 0.26E+07 0.26E+07 0.26E+07 0.26E+07 0.26E+07 0.26E+07 0.26E+07 0.26E+07 0.26E+07 0.26E+07
 0.26E+07 0.26E+07 0.26E+07 0.26E+07 0.26E+07 0.26E+07 0.26E+07 0.26E+07 0.26E+07 0.26E+07
 0.26E+07 0.26E+07 0.26E+07 0.26E+07 0.26E+07 0.26E+07 0.26E+07 0.26E+07 0.26E+07 0.26E+07
 0.26E+07 0.26E+07
  i =  82   z =  0.13201E+02
 0.26E+07 0.26E+07 0.26E+07 0.26E+07 0.26E+07 0.26E+07 0.26E+07 0.26E+07 0.26E+07 0.26E+07
 0.26E+07 0.26E+07 0.26E+07 0.26E+07 0.26E+07 0.26E+07 0.26E+07 0.26E+07 0.26E+07 0.26E+07
 0.26E+07 0.26E+07 0.26E+07 0.26E+07 0.26E+07 0.26E+07 0.26E+07 0.26E+07 0.26E+07 0.26E+07
 0.26E+07 0.26E+07 0.26E+07 0.26E+07 0.26E+07 0.26E+07 0.26E+07 0.26E+07 0.26E+07 0.26E+07
 0.26E+07 0.26E+07 0.26E+07 0.26E+07 0.26E+07 0.26E+07 0.26E+07 0.26E+07 0.26E+07 0.26E+07
 0.26E+07 0.26E+07 0.26E+07 0.26E+07 0.26E+07 0.26E+07 0.26E+07 0.26E+07 0.26E+07 0.26E+07
 0.26E+07 0.26E+07 0.26E+07 0.26E+07 0.26E+07 0.26E+07 0.26E+07 0.26E+07 0.26E+07 0.26E+07
 0.26E+07 0.26E+07
  i =  83   z =  0.13231E+02
 0.26E+07 0.26E+07 0.26E+07 0.26E+07 0.26E+07 0.26E+07 0.26E+07 0.26E+07 0.26E+07 0.26E+07
 0.26E+07 0.26E+07 0.26E+07 0.26E+07 0.26E+07 0.26E+07 0.26E+07 0.26E+07 0.26E+07 0.26E+07
 0.26E+07 0.26E+07 0.26E+07 0.26E+07 0.26E+07 0.26E+07 0.26E+07 0.26E+07 0.26E+07 0.26E+07
 0.26E+07 0.26E+07 0.26E+07 0.26E+07 0.26E+07 0.26E+07 0.26E+07 0.26E+07 0.26E+07 0.26E+07
 0.26E+07 0.26E+07 0.26E+07 0.26E+07 0.26E+07 0.26E+07 0.26E+07 0.26E+07 0.26E+07 0.26E+07
 0.26E+07 0.26E+07 0.26E+07 0.26E+07 0.26E+07 0.26E+07 0.26E+07 0.26E+07 0.26E+07 0.26E+07
 0.26E+07 0.26E+07 0.26E+07 0.26E+07 0.26E+07 0.26E+07 0.26E+07 0.26E+07 0.26E+07 0.26E+07
 0.26E+07 0.26E+07
  i =  84   z =  0.13265E+02
 0.26E+07 0.26E+07 0.26E+07 0.26E+07 0.26E+07 0.26E+07 0.26E+07 0.26E+07 0.26E+07 0.26E+07
 0.26E+07 0.26E+07 0.26E+07 0.26E+07 0.26E+07 0.26E+07 0.26E+07 0.26E+07 0.26E+07 0.26E+07
 0.26E+07 0.26E+07 0.26E+07 0.26E+07 0.26E+07 0.26E+07 0.26E+07 0.26E+07 0.26E+07 0.26E+07
 0.26E+07 0.26E+07 0.26E+07 0.26E+07 0.26E+07 0.26E+07 0.26E+07 0.26E+07 0.26E+07 0.26E+07
 0.26E+07 0.26E+07 0.26E+07 0.26E+07 0.26E+07 0.26E+07 0.26E+07 0.26E+07 0.26E+07 0.26E+07
 0.26E+07 0.26E+07 0.26E+07 0.26E+07 0.26E+07 0.26E+07 0.26E+07 0.26E+07 0.26E+07 0.26E+07
 0.26E+07 0.26E+07 0.26E+07 0.26E+07 0.26E+07 0.26E+07 0.26E+07 0.26E+07 0.26E+07 0.26E+07
 0.26E+07 0.26E+07
  i =  85   z =  0.13301E+02
 0.26E+07 0.26E+07 0.26E+07 0.26E+07 0.26E+07 0.26E+07 0.26E+07 0.26E+07 0.26E+07 0.26E+07
 0.26E+07 0.26E+07 0.26E+07 0.26E+07 0.26E+07 0.26E+07 0.26E+07 0.26E+07 0.26E+07 0.26E+07
 0.26E+07 0.26E+07 0.26E+07 0.26E+07 0.26E+07 0.26E+07 0.26E+07 0.26E+07 0.26E+07 0.26E+07
 0.26E+07 0.26E+07 0.26E+07 0.26E+07 0.26E+07 0.26E+07 0.26E+07 0.26E+07 0.26E+07 0.26E+07
 0.26E+07 0.26E+07 0.26E+07 0.26E+07 0.26E+07 0.26E+07 0.26E+07 0.26E+07 0.26E+07 0.26E+07
 0.26E+07 0.26E+07 0.26E+07 0.26E+07 0.26E+07 0.26E+07 0.26E+07 0.26E+07 0.26E+07 0.26E+07
 0.26E+07 0.26E+07 0.26E+07 0.26E+07 0.26E+07 0.26E+07 0.26E+07 0.26E+07 0.26E+07 0.26E+07
 0.26E+07 0.26E+07
  i =  86   z =  0.13342E+02
 0.26E+07 0.26E+07 0.26E+07 0.26E+07 0.26E+07 0.26E+07 0.26E+07 0.26E+07 0.26E+07 0.26E+07
 0.26E+07 0.26E+07 0.26E+07 0.26E+07 0.26E+07 0.26E+07 0.26E+07 0.26E+07 0.26E+07 0.26E+07
 0.26E+07 0.26E+07 0.26E+07 0.26E+07 0.26E+07 0.26E+07 0.26E+07 0.26E+07 0.26E+07 0.26E+07
 0.26E+07 0.26E+07 0.26E+07 0.26E+07 0.26E+07 0.26E+07 0.26E+07 0.26E+07 0.26E+07 0.26E+07
 0.26E+07 0.26E+07 0.26E+07 0.26E+07 0.26E+07 0.26E+07 0.26E+07 0.26E+07 0.26E+07 0.26E+07
 0.26E+07 0.26E+07 0.26E+07 0.26E+07 0.26E+07 0.26E+07 0.26E+07 0.26E+07 0.26E+07 0.26E+07
 0.26E+07 0.26E+07 0.26E+07 0.26E+07 0.26E+07 0.26E+07 0.26E+07 0.26E+07 0.26E+07 0.26E+07
 0.26E+07 0.26E+07
  i =  87   z =  0.13386E+02
 0.26E+07 0.26E+07 0.26E+07 0.26E+07 0.26E+07 0.26E+07 0.26E+07 0.26E+07 0.26E+07 0.26E+07
 0.26E+07 0.26E+07 0.26E+07 0.26E+07 0.26E+07 0.26E+07 0.26E+07 0.26E+07 0.26E+07 0.26E+07
 0.26E+07 0.26E+07 0.26E+07 0.26E+07 0.26E+07 0.26E+07 0.26E+07 0.26E+07 0.26E+07 0.26E+07
 0.26E+07 0.26E+07 0.26E+07 0.26E+07 0.26E+07 0.26E+07 0.26E+07 0.26E+07 0.26E+07 0.26E+07
 0.26E+07 0.26E+07 0.26E+07 0.26E+07 0.26E+07 0.26E+07 0.26E+07 0.26E+07 0.26E+07 0.26E+07
 0.26E+07 0.26E+07 0.26E+07 0.26E+07 0.26E+07 0.26E+07 0.26E+07 0.26E+07 0.26E+07 0.26E+07
 0.26E+07 0.26E+07 0.26E+07 0.26E+07 0.26E+07 0.26E+07 0.26E+07 0.26E+07 0.26E+07 0.26E+07
 0.26E+07 0.26E+07
  i =  88   z =  0.13435E+02
 0.26E+07 0.26E+07 0.26E+07 0.26E+07 0.26E+07 0.26E+07 0.26E+07 0.26E+07 0.26E+07 0.26E+07
 0.26E+07 0.26E+07 0.26E+07 0.26E+07 0.26E+07 0.26E+07 0.26E+07 0.26E+07 0.26E+07 0.26E+07
 0.26E+07 0.26E+07 0.26E+07 0.26E+07 0.26E+07 0.26E+07 0.26E+07 0.26E+07 0.26E+07 0.26E+07
 0.26E+07 0.26E+07 0.26E+07 0.26E+07 0.26E+07 0.26E+07 0.26E+07 0.26E+07 0.26E+07 0.26E+07
 0.26E+07 0.26E+07 0.26E+07 0.26E+07 0.26E+07 0.26E+07 0.26E+07 0.26E+07 0.26E+07 0.26E+07
 0.26E+07 0.26E+07 0.26E+07 0.26E+07 0.26E+07 0.26E+07 0.26E+07 0.26E+07 0.26E+07 0.26E+07
 0.26E+07 0.26E+07 0.26E+07 0.26E+07 0.26E+07 0.26E+07 0.26E+07 0.26E+07 0.26E+07 0.26E+07
 0.26E+07 0.26E+07
  i =  89   z =  0.13489E+02
 0.26E+07 0.26E+07 0.26E+07 0.26E+07 0.26E+07 0.26E+07 0.26E+07 0.26E+07 0.26E+07 0.26E+07
 0.26E+07 0.26E+07 0.26E+07 0.26E+07 0.26E+07 0.26E+07 0.26E+07 0.26E+07 0.26E+07 0.26E+07
 0.26E+07 0.26E+07 0.26E+07 0.26E+07 0.26E+07 0.26E+07 0.26E+07 0.26E+07 0.26E+07 0.26E+07
 0.26E+07 0.26E+07 0.26E+07 0.26E+07 0.26E+07 0.26E+07 0.26E+07 0.26E+07 0.26E+07 0.26E+07
 0.26E+07 0.26E+07 0.26E+07 0.26E+07 0.26E+07 0.26E+07 0.26E+07 0.26E+07 0.26E+07 0.26E+07
 0.26E+07 0.26E+07 0.26E+07 0.26E+07 0.26E+07 0.26E+07 0.26E+07 0.26E+07 0.26E+07 0.26E+07
 0.26E+07 0.26E+07 0.26E+07 0.26E+07 0.26E+07 0.26E+07 0.26E+07 0.26E+07 0.26E+07 0.26E+07
 0.26E+07 0.26E+07
  i =  90   z =  0.13549E+02
 0.26E+07 0.26E+07 0.26E+07 0.26E+07 0.26E+07 0.26E+07 0.26E+07 0.26E+07 0.26E+07 0.26E+07
 0.26E+07 0.26E+07 0.26E+07 0.26E+07 0.26E+07 0.26E+07 0.26E+07 0.26E+07 0.26E+07 0.26E+07
 0.26E+07 0.26E+07 0.26E+07 0.26E+07 0.26E+07 0.26E+07 0.26E+07 0.26E+07 0.26E+07 0.26E+07
 0.26E+07 0.26E+07 0.26E+07 0.26E+07 0.26E+07 0.26E+07 0.26E+07 0.26E+07 0.26E+07 0.26E+07
 0.26E+07 0.26E+07 0.26E+07 0.26E+07 0.26E+07 0.26E+07 0.26E+07 0.26E+07 0.26E+07 0.26E+07
 0.26E+07 0.26E+07 0.26E+07 0.26E+07 0.26E+07 0.26E+07 0.26E+07 0.26E+07 0.26E+07 0.26E+07
 0.26E+07 0.26E+07 0.26E+07 0.26E+07 0.26E+07 0.26E+07 0.26E+07 0.26E+07 0.26E+07 0.26E+07
 0.26E+07 0.26E+07
  i =  91   z =  0.13614E+02
 0.26E+07 0.26E+07 0.26E+07 0.26E+07 0.26E+07 0.26E+07 0.26E+07 0.26E+07 0.26E+07 0.26E+07
 0.26E+07 0.26E+07 0.26E+07 0.26E+07 0.26E+07 0.26E+07 0.26E+07 0.26E+07 0.26E+07 0.26E+07
 0.26E+07 0.26E+07 0.26E+07 0.26E+07 0.26E+07 0.26E+07 0.26E+07 0.26E+07 0.26E+07 0.26E+07
 0.26E+07 0.26E+07 0.26E+07 0.26E+07 0.26E+07 0.26E+07 0.26E+07 0.26E+07 0.26E+07 0.26E+07
 0.26E+07 0.26E+07 0.26E+07 0.26E+07 0.26E+07 0.26E+07 0.26E+07 0.26E+07 0.26E+07 0.26E+07
 0.26E+07 0.26E+07 0.26E+07 0.26E+07 0.26E+07 0.26E+07 0.26E+07 0.26E+07 0.26E+07 0.26E+07
 0.26E+07 0.26E+07 0.26E+07 0.26E+07 0.26E+07 0.26E+07 0.26E+07 0.26E+07 0.26E+07 0.26E+07
 0.26E+07 0.26E+07
  i =  92   z =  0.13686E+02
 0.26E+07 0.26E+07 0.26E+07 0.26E+07 0.26E+07 0.26E+07 0.26E+07 0.26E+07 0.26E+07 0.26E+07
 0.26E+07 0.26E+07 0.26E+07 0.26E+07 0.26E+07 0.26E+07 0.26E+07 0.26E+07 0.26E+07 0.26E+07
 0.26E+07 0.26E+07 0.26E+07 0.26E+07 0.26E+07 0.26E+07 0.26E+07 0.26E+07 0.26E+07 0.26E+07
 0.26E+07 0.26E+07 0.26E+07 0.26E+07 0.26E+07 0.26E+07 0.26E+07 0.26E+07 0.26E+07 0.26E+07
 0.26E+07 0.26E+07 0.26E+07 0.26E+07 0.26E+07 0.26E+07 0.26E+07 0.26E+07 0.26E+07 0.26E+07
 0.26E+07 0.26E+07 0.26E+07 0.26E+07 0.26E+07 0.26E+07 0.26E+07 0.26E+07 0.26E+07 0.26E+07
 0.26E+07 0.26E+07 0.26E+07 0.26E+07 0.26E+07 0.26E+07 0.26E+07 0.26E+07 0.26E+07 0.26E+07
 0.26E+07 0.26E+07
  i =  93   z =  0.13766E+02
 0.26E+07 0.26E+07 0.26E+07 0.26E+07 0.26E+07 0.26E+07 0.26E+07 0.26E+07 0.26E+07 0.26E+07
 0.26E+07 0.26E+07 0.26E+07 0.26E+07 0.26E+07 0.26E+07 0.26E+07 0.26E+07 0.26E+07 0.26E+07
 0.26E+07 0.26E+07 0.26E+07 0.26E+07 0.26E+07 0.26E+07 0.26E+07 0.26E+07 0.26E+07 0.26E+07
 0.26E+07 0.26E+07 0.26E+07 0.26E+07 0.26E+07 0.26E+07 0.26E+07 0.26E+07 0.26E+07 0.26E+07
 0.26E+07 0.26E+07 0.26E+07 0.26E+07 0.26E+07 0.26E+07 0.26E+07 0.26E+07 0.26E+07 0.26E+07
 0.26E+07 0.26E+07 0.26E+07 0.26E+07 0.26E+07 0.26E+07 0.26E+07 0.26E+07 0.26E+07 0.26E+07
 0.26E+07 0.26E+07 0.26E+07 0.26E+07 0.26E+07 0.26E+07 0.26E+07 0.26E+07 0.26E+07 0.26E+07
 0.26E+07 0.26E+07
  i =  94   z =  0.13853E+02
 0.26E+07 0.26E+07 0.26E+07 0.26E+07 0.26E+07 0.26E+07 0.26E+07 0.26E+07 0.26E+07 0.26E+07
 0.26E+07 0.26E+07 0.26E+07 0.26E+07 0.26E+07 0.26E+07 0.26E+07 0.26E+07 0.26E+07 0.26E+07
 0.26E+07 0.26E+07 0.26E+07 0.26E+07 0.26E+07 0.26E+07 0.26E+07 0.26E+07 0.26E+07 0.26E+07
 0.26E+07 0.26E+07 0.26E+07 0.26E+07 0.26E+07 0.26E+07 0.26E+07 0.26E+07 0.26E+07 0.26E+07
 0.26E+07 0.26E+07 0.26E+07 0.26E+07 0.26E+07 0.26E+07 0.26E+07 0.26E+07 0.26E+07 0.26E+07
 0.26E+07 0.26E+07 0.26E+07 0.26E+07 0.26E+07 0.26E+07 0.26E+07 0.26E+07 0.26E+07 0.26E+07
 0.26E+07 0.26E+07 0.26E+07 0.26E+07 0.26E+07 0.26E+07 0.26E+07 0.26E+07 0.26E+07 0.26E+07
 0.26E+07 0.26E+07
  i =  95   z =  0.13950E+02
 0.26E+07 0.26E+07 0.26E+07 0.26E+07 0.26E+07 0.26E+07 0.26E+07 0.26E+07 0.26E+07 0.26E+07
 0.26E+07 0.26E+07 0.26E+07 0.26E+07 0.26E+07 0.26E+07 0.26E+07 0.26E+07 0.26E+07 0.26E+07
 0.26E+07 0.26E+07 0.26E+07 0.26E+07 0.26E+07 0.26E+07 0.26E+07 0.26E+07 0.26E+07 0.26E+07
 0.26E+07 0.26E+07 0.26E+07 0.26E+07 0.26E+07 0.26E+07 0.26E+07 0.26E+07 0.26E+07 0.26E+07
 0.26E+07 0.26E+07 0.26E+07 0.26E+07 0.26E+07 0.26E+07 0.26E+07 0.26E+07 0.26E+07 0.26E+07
 0.26E+07 0.26E+07 0.26E+07 0.26E+07 0.26E+07 0.26E+07 0.26E+07 0.26E+07 0.26E+07 0.26E+07
 0.26E+07 0.26E+07 0.26E+07 0.26E+07 0.26E+07 0.26E+07 0.26E+07 0.26E+07 0.26E+07 0.26E+07
 0.26E+07 0.26E+07
