 mesh1
 mesh3
 mesh5
 mesh6
 mesh7
 mesh8
 j, r, rb, dr
           0   0.0000000000000000        0.0000000000000000        0.0000000000000000     
           1   5.0000000000000001E-003   1.0000000000000000E-002   1.0000000000000000E-002
           2   1.4961329369796099E-002   1.9922658739592196E-002   9.9226587395921956E-003
           3   2.4845616562712464E-002   2.9768574385832733E-002   9.8459156462405370E-003
           4   3.4653457432655542E-002   3.9538340479478351E-002   9.7697660936456182E-003
           5   4.4385443225122563E-002   4.9232545970766775E-002   9.6942054912884240E-003
           6   5.4042160612843559E-002   5.8851775254920344E-002   9.6192292841535687E-003
           7   6.3624191731147722E-002   6.8396608207375101E-002   9.5448329524547570E-003
           8   7.3132114213056237E-002   7.7867620218737374E-002   9.4710120113622731E-003
           9   8.2566501224103694E-002   8.7265382229470029E-002   9.3977620107326548E-003
          10   9.1927921496890219E-002   9.6590460764310423E-002   9.3250785348403947E-003
          11  0.10121693936536630       0.10584341796642219        9.2529572021117640E-003
          12  0.11043411479885253       0.11502481163128286        9.1813936648606764E-003
          13  0.11958000343579617       0.12413519524030948        9.1103836090266205E-003
          14  0.12865515661726676       0.13317511799422405        9.0399227539145616E-003
          15  0.13766012142019246       0.14214512484616090        8.9700068519368570E-003
          16  0.14659544069033956       0.15104575653451821        8.9006316883573078E-003
          17  0.15546165307503670       0.15987754961555520        8.8317930810369871E-003
          18  0.16425929305564629       0.16864103649573736        8.7634868801821642E-003
          19  0.17298889097978443       0.17733674546383146        8.6957089680941013E-003
          20  0.18165097309329192       0.18596520072275238        8.6284552589209196E-003
          21  0.19024606157195798       0.19452692242116357        8.5617216984111844E-003
          22  0.19877467455299835       0.20302242668483317        8.4955042636696010E-003
          23  0.20723732616629037       0.21145222564774754        8.4297989629143755E-003
          24  0.21563452656536591       0.21981682748298431        8.3646018352367679E-003
          25  0.22396678195816536       0.22811673643334640        8.2999089503620893E-003
          26  0.23223459463755292       0.23635245284175940        8.2357164084130019E-003
          27  0.24043846301159649       0.24452447318143361        8.1720203396742075E-003
          28  0.24857888163361327       0.25263329008579294        8.1088169043593283E-003
          29  0.25665634123198267       0.26067939237817234        8.0461022923793979E-003
          30  0.26467132873972887       0.26866326510128546        7.9838727231131279E-003
          31  0.27262432732387498       0.27658538954646450        7.9221244451790351E-003
          32  0.28051581641456913       0.28444624328267376        7.8608537362092612E-003
          33  0.28834627173398641       0.29224630018529907        7.8000569026253075E-003
          34  0.29611616532500662       0.29998603046471417        7.7397302794151024E-003
          35  0.30382596557967040       0.30766590069462663        7.6798702299124555E-003
          36  0.31147613726741541       0.31528637384020414        7.6204731455775110E-003
          37  0.31906714156309374       0.32284790928598334        7.5615354457791994E-003
          38  0.32659943607477321       0.33035096286356308        7.5030535775797436E-003
          39  0.33407347487132311       0.33779598687908308        7.4450240155199965E-003
          40  0.34148970850978677       0.34518343014049041        7.3874432614073338E-003
          41  0.34884858406254265       0.35251373798459490        7.3303078441044889E-003
          42  0.35615054514425515       0.35978735230391534        7.2736143193204428E-003
          43  0.36339603193861675       0.36700471157331815        7.2173592694028121E-003
          44  0.37058548122488399       0.37416625087644984        7.1615393031316810E-003
          45  0.37771932640420747       0.38127240193196510        7.1061510555152640E-003
          46  0.38479799752575861       0.38832359311955217        7.0511911875870692E-003
          47  0.39182192131265448       0.39532024950575678        6.9966563862046138E-003
          48  0.39879152118768163       0.40226279286960648        6.9425433638496958E-003
          49  0.40570721729882153       0.40915164172803659        6.8888488584301077E-003
          50  0.41256942654457818       0.41598721136111971        6.8355696330831273E-003
          51  0.41940499617766130       0.42282278099420284        6.8355696330831273E-003
          52  0.42616126507509011       0.42955261631308028        6.7827024759802845E-003
          53  0.43294396755107045       0.43633531878906057        6.7827024759802845E-003
 i, z, zb, dz
           0   0.0000000000000000        0.0000000000000000        0.0000000000000000     
           1   7.0977311161174672E-002  0.14195462232234934       0.14195462232234934     
           2  0.21104571733990871       0.28013681235746807       0.13818219003511872     
           3  0.34740114067188288       0.41466546898629775       0.13452865662882968     
           4  0.48015133026030854       0.54563719153431933       0.13097172254802159     
           5  0.60939160838887640       0.67314602524343337       0.12750883370911403     
           6  0.73521477702264737       0.79728352880186149       0.12413750355842812     
           7  0.85771118444521033       0.91813884008855928       0.12085531128669780     
           8  0.97696879013395377        1.0357987401793483       0.11765990009078897     
           9   1.0930732279200379        1.1503477156607278       0.11454897548137954     
          10   1.2061078674784196        1.2618680192961116       0.11152030363538379     
          11   1.3161538741920809        1.3704397290880499       0.10857170979193831     
          12   1.4232902674334493        1.4761408057788488       0.10570107669079887     
          13   1.5275939773048615        1.5790471488308739       0.10290634305202517     
          14   1.6291398998788060        1.6792326509267379       0.10018550209586397     
          15   1.7280009509776200        1.7767692510285023        9.7536600101764348E-002
          16   1.8242481185312496        1.8717269860339969        9.4957735005494648E-002
          17   1.9179505135506725        1.9641740410673481        9.2447055033351155E-002
          18   2.0091754197535865        2.0541767984398245        9.0002757372476427E-002
          19   2.0979883418779930        2.1417998853161615        8.7623086876337020E-002
          20   2.1844530527183750        2.2271062201205889        8.5306334804427397E-002
          21   2.2686316389182366        2.3101570577158839        8.3050837595294968E-002
          22   2.3505845455518872        2.3910120333878906        8.0854975672006724E-002
          23   2.4303706195274914        2.4697292056670919        7.8717172279201275E-002
          24   2.5080471518425353        2.5463650980179784        7.6635892350886525E-002
          25   2.5836699187220651        2.6209747394261522        7.4609641408173832E-002
          26   2.6572932216692307        2.6936117039123095        7.2636964486157307E-002
          27   2.7289699264568910        2.7643281490014724        7.0716445089162860E-002
          28   2.7987515010882849        2.8331748531750978        6.8846704173625373E-002
          29   2.8666880527540246        2.9002012523329515        6.7026399157853689E-002
          30   2.9328283638119421        2.9654554752909328        6.5254222957981334E-002
          31   2.9972199268156348        3.0289843783403367        6.3528903049403951E-002
          32   3.0599089786168534        3.0908335788933701        6.1849200553033334E-002
          33   3.1209405335662264        3.1510474882390827        6.0213909345712580E-002
          34   3.1803584158361562        3.2096693434332297        5.8621855194147088E-002
          35   3.2382052908890997        3.2667412383449697        5.7071894911739918E-002
          36   3.2945226961138285        3.3223041538826870        5.5562915537717306E-002
          37   3.3493510706516663        3.3763979874206456        5.4093833537958602E-002
          38   3.4027297844341233        3.4290615814476011        5.2663594026955529E-002
          39   3.4546971664527737        3.4803327514579459        5.1271170010344758E-002
          40   3.5052905322816796        3.5302483131054134        4.9915561647467577E-002
          41   3.5545462108721253        3.5788441086388372        4.8595795533423747E-002
          42   3.6024995706388943        3.6261550326389509        4.7310924000113719E-002
          43   3.6491850448568295        3.6722150570747076        4.6060024435756741E-002
          44   3.6946361563859091        3.7170572556971107        4.4842198622403018E-002
          45   3.7388855417425910        3.7607138277880718        4.3656572090961188E-002
          46   3.7819649745347110        3.8032161212813507        4.2502293493278831E-002
          47   3.8239053882767644        3.8445946552721777        4.1378533990827027E-002
          48   3.8647368986019499        3.8848791419317217        4.0284486659543983E-002
          49   3.9044888248869314        3.9240985078421411        3.9219365910419413E-002
          50   3.9431897113048389        3.9622809147675366        3.8182406925395540E-002
          51   3.9808673473216283        3.9994537798757199        3.7172865108183295E-002
          52   4.0175487876505196        4.0356437954253188        3.6190015549598886E-002
          53   4.0532603716788387        4.0708769479323577        3.5233152507038845E-002
          54   4.0880277423812155        4.1051785368300733        3.4301588897715618E-002
          55   4.1218758647327185        4.1385731926353637        3.3394655805290441E-002
          56   4.1548290436351420        4.1710848946349204        3.2511701999556664E-002
          57   4.1869109413693284        4.2027369881037364        3.1652093468816034E-002
          58   4.2181445945860467        4.2335522010683571        3.0815212964620642E-002
          59   4.2485524308476368        4.2635526606269165        3.0000459558559456E-002
          60   4.2781562847322903        4.2927599088376649        2.9207248210748382E-002
          61   4.3069774135125378        4.3211949181874099        2.8435009349744966E-002
          62   4.3350365124191885        4.3488781066509681        2.7683188463558217E-002
          63   4.3623537295017085        4.3758293523524490        2.6951245701480886E-002
          64   4.3889486800956705        4.4020680078388921        2.6238655486443108E-002
          65   4.4148404609077021        4.4276129139765121        2.5544906137620060E-002
          66   4.4400476637280182        4.4524824134795242        2.4869499503012094E-002
          67   4.4645883887803981        4.4766943640812720        2.4211950601747745E-002
          68   4.4884802577191891        4.5002661513571063        2.3571787275834311E-002
          69   4.5117404262826692        4.5232147012082313        2.2948549851125044E-002
          70   4.5343855966118536        4.5455564920154758        2.2341790807244521E-002
          71   4.5564320292435987        4.5673075664717215        2.1751074456245689E-002
          72   4.5778955547866005        4.5884835431014785        2.1175976629757010E-002
          73   4.5987915852886836        4.6090996274758886        2.0616084374410093E-002
          74   4.6191351253035435        4.6291706231311975        2.0070995655308899E-002
          75   4.6389407826648741        4.6487109421985506        1.9540319067353096E-002
          76   4.6582227789756399        4.6677346157527300        1.9023673554179332E-002
          77   4.6769949598200036        4.6862553038872772        1.8520688134547214E-002
          78   4.6952708047052507        4.7042863055232251        1.8031001635947952E-002
          79   4.7130634367408586        4.7218405679584921        1.7554262435266921E-002
          80   4.7303856320616378        4.7389306961647835        1.7090128206291411E-002
          81   4.7472498290017384        4.7555689618386925        1.6638265673909025E-002
          82   4.7636681370260874        4.7717673122134814        1.6198350374788895E-002
          83   4.7796523454256832        4.7875373786378859        1.5770066424404483E-002
          84   4.7952139317829889        4.8028904849280911        1.5353106290205254E-002
          85   4.8103640702134882        4.8178376554988862        1.4947170570795087E-002
          86   4.8251136393893574        4.8323896232798278        1.4551967780941588E-002
          87   4.8394732303509658        4.8465568374221037        1.4167214142275952E-002
          88   4.8534531541118628        4.8603494708016219        1.3792633379518193E-002
          89   4.8670634490626732        4.8737774273237244        1.3427956522102491E-002
          90   4.8803138881792432        4.8868503490347619        1.3072921711037466E-002
          91   4.8932139860402000        4.8995776230456372        1.2727274010875256E-002
          92   4.9057730056589639        4.9119683882722907        1.2390765226653500E-002
          93   4.9179999651351309        4.9240315419979721        1.2063153725681452E-002
          94   4.9299036441299853        4.9357757462619984        1.1744204264026337E-002
          95   4.9414925901707996        4.9472094340795998        1.1433687817601346E-002
          96   4.9527751247884542        4.9583408154973094        1.1131381417709640E-002
          97   4.9637593494927792        4.9691778834882498        1.0837067990940419E-002
          98   4.9744531515898984        4.9797284196915479        1.0550536203298044E-002
          99   4.9848642098457745        4.9900000000000002        1.0271580308452322E-002
         100   4.9950000000000001        5.0000000000000000        9.9999999999997868E-003
         101   5.0049999999999999        5.0099999999999998        9.9999999999997868E-003
         102   5.0152428805447515        5.0204857610895033        1.0485761089503498E-002
         103   5.0259833203708109        5.0314808796521184        1.0995118562615147E-002
         104   5.0372454889720366        5.0430100982919539        1.1529218639835470E-002
         105   5.0490547299022523        5.0550993615125508        1.2089263220596891E-002
         106   5.0614376178065159        5.0677758741004810        1.2676512587930233E-002
         107   5.0744220182227373        5.0810681623449936        1.3292288244512562E-002
         108   5.0880371502882324        5.0950061382314713        1.3937975886477716E-002
         109   5.1023136524923149        5.1096211667531586        1.4615028521687279E-002
         110   5.1172836516228930        5.1249461364926283        1.5324969739469729E-002
         111   5.1329808350622255        5.1410155336318235        1.6069397139195196E-002
         112   5.1494405265945211        5.1578655195572196        1.6849985925396105E-002
         113   5.1666997658959799        5.1755340122347402        1.7668492677520575E-002
         114   5.1847973918861463        5.1940607715375533        1.8526759302813112E-002
         115   5.2037741301281546        5.2134874887187568        1.9426717181203479E-002
         116   5.2236726844745300        5.2338578802303033        2.0370391511546515E-002
         117   5.2445378331647898        5.2552177860992764        2.1359905868973073E-002
         118   5.2664165295910941        5.2776152730829109        2.2397486983634529E-002
         119   5.2893580079586942        5.3011007428344774        2.3485469751566512E-002
         120   5.3134138940789626        5.3257270453234469        2.4626302488969465E-002
         121   5.3386383215443054        5.3515495977651648        2.5822552441717939E-002
         122   5.3650880535464172        5.3786265093276695        2.7076911562504691E-002
         123   5.3928226106119723        5.4070187118962743        2.8392202568604752E-002
         124   5.4219044045432332        5.4367900971901921        2.9771385293917874E-002
         125   5.4523988788649724        5.4680076605397518        3.1217563349559718E-002
         126   5.4843746560937490        5.5007416516477452        3.2733991107993354E-002
         127   5.5179036921609637        5.5350657326741812        3.4324081026436026E-002
         128   5.5530614383371804        5.5710571440001795        3.5991411325998257E-002
         129   5.5899270110221035        5.6087968780440276        3.7739734043848117E-002
         130   5.6285833697822873        5.6483698615205480        3.9572983476520385E-002
         131   5.6691175040372315        5.6898651465539158        4.1495285033367857E-002
         132   5.7116206288139537        5.7333761110739916        4.3510964520075746E-002
         133   5.7561883900105606        5.7790006689471305        4.5624557873138905E-002
         134   5.8029210796307300        5.8268414903143286        4.7840821367198139E-002
         135   5.8519238614734324        5.8770062326325352        5.0164742318206557E-002
         136   5.9033070077857968        5.9296077829390592        5.2601550306524025E-002
         137   5.9571861474116456        5.9847645118842321        5.5156728945172873E-002
         138   6.0136825259941116        6.0426005401039919        5.7836028219759861E-002
         139   6.0729232788179024        6.1032460175318128        6.0645477427820893E-002
         140   6.1350417169051639        6.1668374162785149        6.3591398746702055E-002
         141   6.2001776270087792        6.2335178377390443        6.6680421460529438E-002
         142   6.2684775861781716        6.3034373346172980        6.9919496878253717E-002
         143   6.3400952916054818        6.3767532485936655        7.3315913976367497E-002
         144   6.4151919064944058        6.4536305643951462        7.6877315801480606E-002
         145   6.4939364227299796        6.5342422810648131        8.0611716669666933E-002
         146   6.5765060411654579        6.6187698012661027        8.4527520201289619E-002
         147   6.6630865703820490        6.7074033394979962        8.8633538231893461E-002
         148   6.7538728448188481        6.8003423501397000        9.2939010641703845E-002
         149   6.8490691632138887        6.8977959762880765        9.7453626148376493E-002
         150   6.9488897483429612        6.9999835203978460       0.10218754410976949     
         151   7.0510772924527307        7.1021710645076155       0.10218754410976949     
